

 Wavenumbers:   820. - 50000. cm-1, ATM      1
 LEVEL PRESSURE   UPWARD FLUX   DIFDOWN FLUX  DIRDOWN FLUX  DOWNWARD FLUX   NET FLUX    HEATING RATE
          mb          W/m2          W/m2          W/m2        W/m2          W/m2       degree/day
  51    .06700      237.3974        0.0000     1360.8519     1360.8519    1123.454521       0.00000
  50    .07753      237.3968        0.0012     1360.8300     1360.8313    1123.434447      16.08950
  49    .09103      237.3961        0.0028     1360.8105     1360.8133    1123.417179      10.79330
  48    0.1069      237.3953        0.0045     1360.7888     1360.7933    1123.397958      10.23139
  47    0.1255      237.3945        0.0066     1360.7628     1360.7693    1123.374889      10.45811
  46    0.1487      237.3934        0.0091     1360.7277     1360.7369    1123.343460      11.45619
  45    0.1794      237.3920        0.0126     1360.6764     1360.6890    1123.297027      12.74704
  44    0.2165      237.3904        0.0168     1360.6105     1360.6273    1123.236857      13.68778
  43    0.2613      237.3886        0.0217     1360.5253     1360.5470    1123.158358      14.79674
  42    0.3336      237.3859        0.0297     1360.3713     1360.4010    1123.015072      16.70570
  41    0.4307      237.3826        0.0403     1360.1505     1360.1908    1122.808218      17.98548
  40    0.5894      237.3777        0.0575     1359.7549     1359.8123    1122.434565      19.87039
  39     1.339      237.3663        0.1352     1357.3933     1357.5285    1120.162175      25.58299
  38     1.782      237.3673        0.1786     1355.8678     1356.0465    1118.679149      28.23441
  37     2.292      237.3755        0.2278     1354.1647     1354.3925    1117.017048      27.52874
  36     2.964      237.3968        0.2915     1352.1835     1352.4750    1115.078233      24.33798
  35     3.853      237.4395        0.3750     1350.0616     1350.4365    1112.996991      19.75138
  34     5.035      237.5108        0.4851     1347.8939     1348.3790    1110.868163      15.20746
  33     6.613      237.6142        0.6315     1345.6788     1346.3103    1108.696045      11.61215
  32     8.786      237.7479        0.8278     1343.3920     1344.2199    1106.471924       8.63768
  31     11.80      237.9151        1.1075     1340.8742     1341.9816    1104.066496       6.73444
  30     15.07      238.0667        1.4065     1338.6932     1340.0997    1102.032987       5.25013
  29     18.79      238.2133        1.7428     1336.5884     1338.3312    1100.117906       4.34208
  28     23.16      238.3560        2.1342     1334.4488     1336.5830    1098.226974       3.65645
  27     28.12      238.4856        2.5803     1332.2981     1334.8784    1096.392784       3.11800
  26     33.73      238.5788        3.0788     1330.2068     1333.2856    1094.706796       2.53493
  25     40.54      238.6293        3.6800     1327.9922     1331.6723    1093.042914       2.06423
  24     48.69      238.6295        4.4031     1325.6098     1330.0129    1091.383399       1.71734
  23     57.69      238.5692        5.1951     1323.2431     1328.4383    1089.869067       1.41946
  22     68.43      238.4295        6.1358     1320.6711     1326.8069    1088.377429       1.17263
  21     81.20      238.1646        7.2544     1317.9062     1325.1606    1086.995961       0.91285
  20     96.49      237.7542        8.5832     1314.8774     1323.4606    1085.706395       0.71175
  19     114.6      237.2233       10.1499     1311.4089     1321.5588    1084.335467       0.64013
  18     136.5      236.5552       11.9882     1307.4143     1319.4025    1082.847227       0.57226
  17     162.9      235.7217       14.1518     1302.7103     1316.8621    1081.140403       0.54557
  16     196.4      234.5600       16.9220     1296.5420     1313.4640    1078.904020       0.56292
  15     218.7      233.7641       18.7164     1291.9881     1310.7045    1076.940440       0.74550
  14     243.0      232.8808       20.6445     1286.2986     1306.9430    1074.062266       0.99825
  13     269.0      231.9043       22.7080     1279.1026     1301.8106    1069.906250       1.34819
  12     297.5      230.8306       24.9078     1270.1066     1295.0145    1064.183835       1.69721
  11     328.5      229.6564       27.2492     1260.0817     1287.3309    1057.674469       1.76988
  10     361.9      228.3781       29.7291     1249.2445     1278.9735    1050.595460       1.79106
   9     398.1      226.9891       32.3508     1237.3483     1269.6991    1042.709950       1.83715
   8     437.6      225.4883       35.1115     1223.9876     1259.0992    1033.610888       1.94544
   7     480.5      223.8727       38.0089     1209.2067     1247.2156    1023.342864       2.01660
   6     533.0      221.8855       41.4885     1190.5723     1232.0608    1010.175368       2.11823
   5     589.8      219.7706       45.1312     1169.8802     1215.0114     995.240841       2.21677
   4     651.6      217.5980       48.9215     1145.9986     1194.9201     977.322064       2.45044
   3     718.7      215.4527       52.8437     1119.6851     1172.5288     957.076088       2.54436
   2     792.3      213.5654       56.8683     1090.7856     1147.6539     934.088473       2.63642
   1     891.5      212.2546       62.0134     1051.8444     1113.8578     901.603228       2.76434
   0    1013.0      214.9013       67.7620     1006.7443     1074.5063     859.605033       2.91615



 Wavenumbers:  2600. -  3250. cm-1, ATM      1
 LEVEL PRESSURE   UPWARD FLUX   DIFDOWN FLUX  DIRDOWN FLUX  DOWNWARD FLUX   NET FLUX    HEATING RATE
          mb          W/m2          W/m2          W/m2        W/m2          W/m2       degree/day
  51    .06700        0.8022        0.0000       11.9937       11.9937      11.191506       0.00000
  50    .07753        0.8022        0.0000       11.9937       11.9937      11.191498       0.00640
  49    .09103        0.8022        0.0000       11.9937       11.9937      11.191488       0.00627
  48    0.1069        0.8022        0.0000       11.9937       11.9937      11.191476       0.00613
  47    0.1255        0.8022        0.0000       11.9937       11.9937      11.191463       0.00600
  46    0.1487        0.8022        0.0000       11.9937       11.9937      11.191446       0.00608
  45    0.1794        0.8022        0.0000       11.9936       11.9936      11.191424       0.00625
  44    0.2165        0.8022        0.0000       11.9936       11.9936      11.191397       0.00613
  43    0.2613        0.8022        0.0000       11.9936       11.9936      11.191365       0.00601
  42    0.3336        0.8022        0.0000       11.9935       11.9935      11.191312       0.00618
  41    0.4307        0.8022        0.0000       11.9935       11.9935      11.191240       0.00622
  40    0.5894        0.8022        0.0000       11.9933       11.9933      11.191120       0.00640
  39     1.339        0.8022        0.0000       11.9926       11.9926      11.190404       0.00806
  38     1.782        0.8022        0.0000       11.9921       11.9921      11.189848       0.01057
  37     2.292        0.8022        0.0000       11.9913       11.9913      11.189108       0.01226
  36     2.964        0.8022        0.0000       11.9902       11.9902      11.188019       0.01368
  35     3.853        0.8022        0.0000       11.9886       11.9886      11.186434       0.01504
  34     5.035        0.8022        0.0000       11.9864       11.9864      11.184161       0.01624
  33     6.613        0.8022        0.0000       11.9832       11.9832      11.180946       0.01719
  32     8.786        0.8022        0.0000       11.9787       11.9787      11.176462       0.01741
  31     11.80        0.8022        0.0000       11.9722       11.9722      11.169991       0.01812
  30     15.07        0.8022        0.0000       11.9654       11.9654      11.163184       0.01757
  29     18.79        0.8022        0.0000       11.9581       11.9581      11.155896       0.01652
  28     23.16        0.8022        0.0000       11.9502       11.9502      11.147975       0.01532
  27     28.12        0.8022        0.0000       11.9418       11.9419      11.139639       0.01417
  26     33.73        0.8022        0.0000       11.9329       11.9329      11.130676       0.01348
  25     40.54        0.8022        0.0000       11.9222       11.9222      11.119978       0.01327
  24     48.69        0.8022        0.0000       11.9093       11.9094      11.107139       0.01329
  23     57.69        0.8022        0.0000       11.8950       11.8950      11.092743       0.01349
  22     68.43        0.8022        0.0000       11.8770       11.8771      11.074827       0.01408
  21     81.20        0.8023        0.0000       11.8544       11.8544      11.052145       0.01499
  20     96.49        0.8023        0.0000       11.8256       11.8257      11.023382       0.01588
  19     114.6        0.8023        0.0000       11.7886       11.7887      10.986342       0.01729
  18     136.5        0.8024        0.0001       11.7430       11.7430      10.940610       0.01758
  17     162.9        0.8025        0.0001       11.6870       11.6870      10.884526       0.01793
  16     196.4        0.8027        0.0001       11.6130       11.6130      10.810344       0.01867
  15     218.7        0.8029        0.0001       11.5605       11.5606      10.757763       0.01996
  14     243.0        0.8032        0.0001       11.4957       11.4958      10.692671       0.02258
  13     269.0        0.8036        0.0001       11.4131       11.4132      10.609565       0.02696
  12     297.5        0.8044        0.0001       11.3102       11.3103      10.505992       0.03072
  11     328.5        0.8053        0.0001       11.1934       11.1935      10.388156       0.03204
  10     361.9        0.8067        0.0001       11.0633       11.0634      10.256756       0.03325
   9     398.1        0.8085        0.0001       10.9151       10.9152      10.106678       0.03496
   8     437.6        0.8111        0.0002       10.7387       10.7389       9.927795       0.03825
   7     480.5        0.8145        0.0002       10.5234       10.5236       9.709100       0.04295
   6     533.0        0.8200        0.0002       10.2143       10.2145       9.394427       0.05062
   5     589.8        0.8283        0.0002        9.8149        9.8151       8.986839       0.06050
   4     651.6        0.8415        0.0002        9.2990        9.2992       8.457731       0.07236
   3     718.7        0.8623        0.0002        8.7069        8.7071       7.844720       0.07704
   2     792.3        0.8974        0.0002        8.0520        8.0522       7.154751       0.07913
   1     891.5        0.9820        0.0002        7.1632        7.1634       6.181408       0.08283
   0    1013.0        1.2223        0.0002        6.1114        6.1116       4.889309       0.08972



 Wavenumbers:  3250. -  4000. cm-1, ATM      1
 LEVEL PRESSURE   UPWARD FLUX   DIFDOWN FLUX  DIRDOWN FLUX  DOWNWARD FLUX   NET FLUX    HEATING RATE
          mb          W/m2          W/m2          W/m2        W/m2          W/m2       degree/day
  51    .06700        0.0011        0.0000       20.2197       20.2197      20.218543       0.00000
  50    .07753        0.0011        0.0000       20.2140       20.2140      20.212873       4.54429
  49    .09103        0.0011        0.0000       20.2088       20.2088      20.207642       3.26951
  48    0.1069        0.0011        0.0000       20.2044       20.2044      20.203218       2.35520
  47    0.1255        0.0011        0.0000       20.2005       20.2005      20.199338       1.75896
  46    0.1487        0.0011        0.0000       20.1966       20.1966      20.195415       1.42978
  45    0.1794        0.0011        0.0000       20.1921       20.1921      20.190972       1.21972
  44    0.2165        0.0011        0.0000       20.1875       20.1875      20.186406       1.03886
  43    0.2613        0.0011        0.0000       20.1827       20.1827      20.181566       0.91229
  42    0.3336        0.0011        0.0000       20.1757       20.1757      20.174543       0.81876
  41    0.4307        0.0011        0.0000       20.1678       20.1678      20.166648       0.68643
  40    0.5894        0.0011        0.0000       20.1571       20.1571      20.155954       0.56873
  39     1.339        0.0011        0.0000       20.1196       20.1196      20.118420       0.42257
  38     1.782        0.0011        0.0000       20.1017       20.1017      20.100588       0.33949
  37     2.292        0.0011        0.0000       20.0837       20.0837      20.082561       0.29858
  36     2.964        0.0011        0.0000       20.0629       20.0629      20.061810       0.26048
  35     3.853        0.0011        0.0000       20.0387       20.0387      20.037610       0.22966
  34     5.035        0.0011        0.0000       20.0099       20.0099      20.008768       0.20604
  33     6.613        0.0011        0.0000       19.9743       19.9743      19.973219       0.19005
  32     8.786        0.0011        0.0000       19.9279       19.9279      19.926817       0.18021
  31     11.80        0.0011        0.0000       19.8609       19.8609      19.859783       0.18768
  30     15.07        0.0011        0.0000       19.7861       19.7861      19.784993       0.19309
  29     18.79        0.0011        0.0000       19.6982       19.6982      19.697072       0.19935
  28     23.16        0.0011        0.0000       19.5924       19.5925      19.591358       0.20442
  27     28.12        0.0011        0.0000       19.4692       19.4693      19.468154       0.20944
  26     33.73        0.0011        0.0000       19.3319       19.3319      19.330839       0.20646
  25     40.54        0.0011        0.0001       19.1704       19.1705      19.169369       0.20032
  24     48.69        0.0011        0.0001       18.9875       18.9876      18.986489       0.18925
  23     57.69        0.0011        0.0001       18.8033       18.8033      18.802271       0.17268
  22     68.43        0.0010        0.0001       18.6048       18.6049      18.603866       0.15597
  21     81.20        0.0010        0.0001       18.3904       18.3905      18.389500       0.14165
  20     96.49        0.0010        0.0001       18.1531       18.1533      18.152254       0.13094
  19     114.6        0.0010        0.0001       17.8721       17.8722      17.871250       0.13121
  18     136.5        0.0010        0.0002       17.5464       17.5466      17.545639       0.12521
  17     162.9        0.0009        0.0002       17.1485       17.1487      17.147749       0.12718
  16     196.4        0.0009        0.0002       16.5656       16.5659      16.564964       0.14669
  15     218.7        0.0009        0.0002       16.0235       16.0238      16.022900       0.20580
  14     243.0        0.0009        0.0003       15.2653       15.2655      15.264670       0.26298
  13     269.0        0.0008        0.0003       14.2505       14.2508      14.249936       0.32918
  12     297.5        0.0008        0.0003       13.0336       13.0338      13.033008       0.36093
  11     328.5        0.0008        0.0003       11.8245       11.8247      11.823944       0.32874
  10     361.9        0.0008        0.0002       10.6489       10.6491      10.648332       0.29744
   9     398.1        0.0008        0.0002        9.4698        9.4701       9.469293       0.27469
   8     437.6        0.0008        0.0002        8.3012        8.3015       8.300708       0.24985
   7     480.5        0.0008        0.0002        7.2262        7.2264       7.225638       0.21114
   6     533.0        0.0008        0.0002        6.0867        6.0869       6.086130       0.18331
   5     589.8        0.0008        0.0002        4.9990        4.9992       4.998343       0.16146
   4     651.6        0.0009        0.0001        3.8943        3.8944       3.893452       0.15110
   3     718.7        0.0012        0.0001        2.8466        2.8467       2.845491       0.13170
   2     792.3        0.0020        0.0001        1.8739        1.8740       1.871985       0.11165
   1     891.5        0.0061        0.0000        0.9357        0.9357       0.929641       0.08019
   0    1013.0        0.0586        0.0000        0.2932        0.2932       0.234529       0.04827



 Wavenumbers:  4000. -  4650. cm-1, ATM      1
 LEVEL PRESSURE   UPWARD FLUX   DIFDOWN FLUX  DIRDOWN FLUX  DOWNWARD FLUX   NET FLUX    HEATING RATE
          mb          W/m2          W/m2          W/m2        W/m2          W/m2       degree/day
  51    .06700        2.9434        0.0000       23.7440       23.7440      20.800566       0.00000
  50    .07753        2.9434        0.0000       23.7440       23.7440      20.800565       0.00080
  49    .09103        2.9434        0.0000       23.7440       23.7440      20.800564       0.00078
  48    0.1069        2.9434        0.0000       23.7440       23.7440      20.800563       0.00076
  47    0.1255        2.9434        0.0000       23.7440       23.7440      20.800561       0.00075
  46    0.1487        2.9434        0.0000       23.7440       23.7440      20.800559       0.00076
  45    0.1794        2.9434        0.0000       23.7440       23.7440      20.800556       0.00078
  44    0.2165        2.9434        0.0000       23.7440       23.7440      20.800553       0.00076
  43    0.2613        2.9434        0.0000       23.7440       23.7440      20.800549       0.00075
  42    0.3336        2.9434        0.0000       23.7440       23.7440      20.800542       0.00077
  41    0.4307        2.9434        0.0000       23.7440       23.7440      20.800533       0.00077
  40    0.5894        2.9434        0.0000       23.7439       23.7439      20.800518       0.00080
  39     1.339        2.9434        0.0000       23.7439       23.7439      20.800429       0.00101
  38     1.782        2.9434        0.0000       23.7438       23.7438      20.800359       0.00133
  37     2.292        2.9434        0.0000       23.7437       23.7437      20.800265       0.00156
  36     2.964        2.9434        0.0000       23.7435       23.7435      20.800125       0.00176
  35     3.853        2.9434        0.0000       23.7433       23.7433      20.799916       0.00198
  34     5.035        2.9434        0.0000       23.7430       23.7430      20.799609       0.00220
  33     6.613        2.9434        0.0000       23.7425       23.7426      20.799156       0.00242
  32     8.786        2.9434        0.0000       23.7419       23.7419      20.798487       0.00260
  31     11.80        2.9434        0.0000       23.7408       23.7408      20.797433       0.00295
  30     15.07        2.9434        0.0001       23.7395       23.7396      20.796194       0.00320
  29     18.79        2.9434        0.0001       23.7380       23.7381      20.794691       0.00341
  28     23.16        2.9434        0.0001       23.7361       23.7362      20.792820       0.00362
  27     28.12        2.9434        0.0001       23.7338       23.7339      20.790545       0.00387
  26     33.73        2.9434        0.0001       23.7310       23.7311      20.787729       0.00423
  25     40.54        2.9434        0.0002       23.7271       23.7272      20.783889       0.00476
  24     48.69        2.9434        0.0002       23.7219       23.7221      20.778740       0.00533
  23     57.69        2.9434        0.0002       23.7157       23.7160      20.772594       0.00576
  22     68.43        2.9434        0.0003       23.7079       23.7082      20.764842       0.00609
  21     81.20        2.9434        0.0003       23.6983       23.6986      20.755218       0.00636
  20     96.49        2.9435        0.0004       23.6865       23.6869      20.743425       0.00651
  19     114.6        2.9436        0.0005       23.6717       23.6722      20.728574       0.00693
  18     136.5        2.9437        0.0006       23.6537       23.6543      20.710554       0.00693
  17     162.9        2.9440        0.0007       23.6317       23.6323      20.688340       0.00710
  16     196.4        2.9445        0.0008       23.6012       23.6020      20.657519       0.00776
  15     218.7        2.9449        0.0009       23.5777       23.5786      20.633648       0.00906
  14     243.0        2.9456        0.0010       23.5456       23.5466      20.600962       0.01134
  13     269.0        2.9466        0.0011       23.4994       23.5005      20.553893       0.01527
  12     297.5        2.9482        0.0012       23.4350       23.4362      20.488018       0.01954
  11     328.5        2.9504        0.0013       23.3554       23.3568      20.406337       0.02221
  10     361.9        2.9533        0.0015       23.2570       23.2585      20.305168       0.02560
   9     398.1        2.9569        0.0016       23.1294       23.1310      20.174057       0.03055
   8     437.6        2.9615        0.0017       22.9584       22.9602      19.998668       0.03750
   7     480.5        2.9672        0.0019       22.7367       22.7386      19.771333       0.04465
   6     533.0        2.9758        0.0021       22.4187       22.4207      19.444918       0.05251
   5     589.8        2.9879        0.0022       22.0330       22.0353      19.047384       0.05901
   4     651.6        3.0065        0.0024       21.5648       21.5672      18.560682       0.06656
   3     718.7        3.0359        0.0026       21.0156       21.0182      17.982312       0.07269
   2     792.3        3.0853        0.0027       20.2969       20.2997      17.214411       0.08807
   1     891.5        3.2031        0.0029       19.1076       19.1105      15.907383       0.11122
   0    1013.0        3.5278        0.0030       17.6359       17.6390      14.111166       0.12472



 Wavenumbers:  4650. -  5150. cm-1, ATM      1
 LEVEL PRESSURE   UPWARD FLUX   DIFDOWN FLUX  DIRDOWN FLUX  DOWNWARD FLUX   NET FLUX    HEATING RATE
          mb          W/m2          W/m2          W/m2        W/m2          W/m2       degree/day
  51    .06700        2.1401        0.0000       22.4748       22.4748      20.334691       0.00000
  50    .07753        2.1401        0.0000       22.4746       22.4746      20.334455       0.18930
  49    .09103        2.1401        0.0000       22.4743       22.4743      20.334159       0.18509
  48    0.1069        2.1401        0.0000       22.4739       22.4739      20.333819       0.18070
  47    0.1255        2.1401        0.0000       22.4735       22.4735      20.333430       0.17627
  46    0.1487        2.1401        0.0000       22.4730       22.4730      20.332942       0.17819
  45    0.1794        2.1401        0.0000       22.4724       22.4724      20.332277       0.18246
  44    0.2165        2.1401        0.0000       22.4716       22.4716      20.331495       0.17790
  43    0.2613        2.1401        0.0000       22.4707       22.4707      20.330575       0.17333
  42    0.3336        2.1401        0.0000       22.4692       22.4692      20.329069       0.17558
  41    0.4307        2.1401        0.0000       22.4672       22.4672      20.327101       0.17116
  40    0.5894        2.1401        0.0000       22.4640       22.4641      20.323954       0.16736
  39     1.339        2.1401        0.0000       22.4502       22.4502      20.310117       0.15578
  38     1.782        2.1401        0.0000       22.4428       22.4428      20.302743       0.14038
  37     2.292        2.1401        0.0000       22.4349       22.4349      20.294855       0.13066
  36     2.964        2.1401        0.0000       22.4255       22.4255      20.285423       0.11840
  35     3.853        2.1401        0.0000       22.4145       22.4145      20.274403       0.10457
  34     5.035        2.1401        0.0000       22.4019       22.4019      20.261850       0.08968
  33     6.613        2.1401        0.0000       22.3880       22.3881      20.247985       0.07412
  32     8.786        2.1401        0.0001       22.3730       22.3731      20.233025       0.05810
  31     11.80        2.1401        0.0001       22.3562       22.3563      20.216215       0.04706
  30     15.07        2.1401        0.0001       22.3413       22.3414      20.201282       0.03855
  29     18.79        2.1401        0.0001       22.3259       22.3260      20.185906       0.03486
  28     23.16        2.1401        0.0001       22.3081       22.3083      20.168187       0.03426
  27     28.12        2.1401        0.0002       22.2870       22.2872      20.147055       0.03592
  26     33.73        2.1401        0.0002       22.2616       22.2619      20.121726       0.03808
  25     40.54        2.1402        0.0003       22.2285       22.2287      20.088558       0.04115
  24     48.69        2.1402        0.0003       22.1852       22.1855      20.045227       0.04484
  23     57.69        2.1403        0.0004       22.1340       22.1344      19.994070       0.04795
  22     68.43        2.1405        0.0004       22.0694       22.0698      19.929370       0.05086
  21     81.20        2.1407        0.0005       21.9886       21.9891      19.848472       0.05346
  20     96.49        2.1409        0.0006       21.8895       21.8901      19.749174       0.05481
  19     114.6        2.1413        0.0007       21.7709       21.7716      19.630218       0.05554
  18     136.5        2.1419        0.0008       21.6321       21.6329      19.490991       0.05354
  17     162.9        2.1427        0.0010       21.4726       21.4736      19.330890       0.05117
  16     196.4        2.1439        0.0012       21.2787       21.2798      19.135878       0.04909
  15     218.7        2.1449        0.0013       21.1583       21.1596      19.014642       0.04603
  14     243.0        2.1462        0.0014       21.0314       21.0328      18.886518       0.04444
  13     269.0        2.1480        0.0016       20.8948       20.8964      18.748362       0.04482
  12     297.5        2.1506        0.0017       20.7435       20.7452      18.594608       0.04560
  11     328.5        2.1539        0.0019       20.5768       20.5786      18.424684       0.04620
  10     361.9        2.1583        0.0020       20.3909       20.3929      18.234603       0.04809
   9     398.1        2.1640        0.0022       20.1792       20.1814      18.017466       0.05059
   8     437.6        2.1713        0.0024       19.9343       19.9367      17.765335       0.05391
   7     480.5        2.1809        0.0026       19.6481       19.6507      17.469809       0.05804
   6     533.0        2.1955        0.0028       19.2601       19.2629      17.067389       0.06474
   5     589.8        2.2157        0.0030       18.7891       18.7921      16.576386       0.07288
   4     651.6        2.2454        0.0032       18.1978       18.2010      15.955592       0.08490
   3     718.7        2.2897        0.0034       17.4829       17.4863      15.196625       0.09538
   2     792.3        2.3581        0.0035       16.6465       16.6500      14.291920       0.10376
   1     891.5        2.5058        0.0037       15.4816       15.4852      12.979433       0.11169
   0    1013.0        2.8379        0.0038       14.1856       14.1894      11.351520       0.11303



 Wavenumbers:  5150. -  6150. cm-1, ATM      1
 LEVEL PRESSURE   UPWARD FLUX   DIFDOWN FLUX  DIRDOWN FLUX  DOWNWARD FLUX   NET FLUX    HEATING RATE
          mb          W/m2          W/m2          W/m2        W/m2          W/m2       degree/day
  51    .06700        5.1267        0.0000       56.3443       56.3443      51.217674       0.00000
  50    .07753        5.1267        0.0000       56.3443       56.3443      51.217635       0.03158
  49    .09103        5.1267        0.0000       56.3443       56.3443      51.217584       0.03207
  48    0.1069        5.1267        0.0000       56.3442       56.3442      51.217523       0.03258
  47    0.1255        5.1267        0.0000       56.3441       56.3441      51.217450       0.03309
  46    0.1487        5.1267        0.0000       56.3440       56.3440      51.217354       0.03487
  45    0.1794        5.1267        0.0000       56.3439       56.3439      51.217219       0.03712
  44    0.2165        5.1267        0.0000       56.3437       56.3437      51.217053       0.03769
  43    0.2613        5.1267        0.0000       56.3435       56.3435      51.216850       0.03829
  42    0.3336        5.1267        0.0000       56.3432       56.3432      51.216503       0.04048
  41    0.4307        5.1267        0.0000       56.3427       56.3427      51.216031       0.04105
  40    0.5894        5.1267        0.0000       56.3419       56.3419      51.215239       0.04212
  39     1.339        5.1267        0.0000       56.3380       56.3381      51.211405       0.04315
  38     1.782        5.1266        0.0000       56.3358       56.3358      51.209160       0.04274
  37     2.292        5.1266        0.0001       56.3332       56.3332      51.206608       0.04228
  36     2.964        5.1266        0.0001       56.3299       56.3300      51.203346       0.04094
  35     3.853        5.1266        0.0001       56.3257       56.3258      51.199171       0.03962
  34     5.035        5.1266        0.0001       56.3202       56.3203      51.193743       0.03877
  33     6.613        5.1266        0.0002       56.3130       56.3132      51.186615       0.03811
  32     8.786        5.1266        0.0002       56.3035       56.3038      51.177228       0.03646
  31     11.80        5.1265        0.0003       56.2904       56.2908      51.164255       0.03632
  30     15.07        5.1265        0.0004       56.2770       56.2774      51.150913       0.03444
  29     18.79        5.1265        0.0005       56.2625       56.2631      51.136599       0.03246
  28     23.16        5.1264        0.0007       56.2465       56.2472      51.120736       0.03067
  27     28.12        5.1264        0.0008       56.2292       56.2299      51.103537       0.02924
  26     33.73        5.1264        0.0009       56.2110       56.2119      51.085547       0.02705
  25     40.54        5.1264        0.0011       56.1906       56.1917      51.065334       0.02508
  24     48.69        5.1264        0.0014       56.1681       56.1694      51.043062       0.02305
  23     57.69        5.1264        0.0016       56.1451       56.1467      51.020326       0.02131
  22     68.43        5.1264        0.0019       56.1195       56.1214      50.994996       0.01991
  21     81.20        5.1265        0.0023       56.0906       56.0929      50.966410       0.01889
  20     96.49        5.1265        0.0027       56.0572       56.0599      50.933404       0.01822
  19     114.6        5.1267        0.0032       56.0182       56.0214      50.894747       0.01805
  18     136.5        5.1268        0.0038       55.9718       55.9756      50.848840       0.01765
  17     162.9        5.1270        0.0045       55.9012       55.9057      50.778734       0.02241
  16     196.4        5.1273        0.0054       55.7478       55.7533      50.625991       0.03845
  15     218.7        5.1275        0.0060       55.5242       55.5303      50.402765       0.08475
  14     243.0        5.1278        0.0066       55.1189       55.1256      49.997727       0.14048
  13     269.0        5.1283        0.0072       54.3923       54.3995      49.271222       0.23567
  12     297.5        5.1290        0.0078       53.2526       53.2604      48.131438       0.33805
  11     328.5        5.1300        0.0084       51.9856       51.9940      46.864054       0.34460
  10     361.9        5.1313        0.0090       50.6720       50.6810      45.549716       0.33254
   9     398.1        5.1330        0.0096       49.1892       49.1988      44.065778       0.34572
   8     437.6        5.1355        0.0101       47.4187       47.4288      42.293310       0.37896
   7     480.5        5.1388        0.0106       45.4500       45.4606      40.321793       0.38720
   6     533.0        5.1444        0.0112       43.0597       43.0709      37.926474       0.38533
   5     589.8        5.1533        0.0117       40.5465       40.5582      35.404883       0.37429
   4     651.6        5.1691        0.0123       37.8931       37.9054      32.736237       0.36494
   3     718.7        5.1972        0.0129       35.4722       35.4851      30.287868       0.30769
   2     792.3        5.2501        0.0136       33.4068       33.4204      28.170278       0.24286
   1     891.5        5.3946        0.0145       31.3476       31.3620      25.967401       0.18745
   0    1013.0        5.8594        0.0154       29.2815       29.2969      23.437554       0.17566



 Wavenumbers:  6150. -  7700. cm-1, ATM      1
 LEVEL PRESSURE   UPWARD FLUX   DIFDOWN FLUX  DIRDOWN FLUX  DOWNWARD FLUX   NET FLUX    HEATING RATE
          mb          W/m2          W/m2          W/m2        W/m2          W/m2       degree/day
  51    .06700        7.7911        0.0000      104.2112      104.2112      96.420129       0.00000
  50    .07753        7.7911        0.0000      104.2112      104.2112      96.420072       0.04554
  49    .09103        7.7911        0.0000      104.2111      104.2111      96.419999       0.04583
  48    0.1069        7.7911        0.0000      104.2110      104.2110      96.419912       0.04615
  47    0.1255        7.7911        0.0000      104.2109      104.2109      96.419810       0.04646
  46    0.1487        7.7911        0.0000      104.2108      104.2108      96.419677       0.04854
  45    0.1794        7.7911        0.0000      104.2106      104.2106      96.419490       0.05129
  44    0.2165        7.7911        0.0000      104.2103      104.2104      96.419262       0.05171
  43    0.2613        7.7911        0.0000      104.2101      104.2101      96.418986       0.05215
  42    0.3336        7.7911        0.0000      104.2096      104.2096      96.418516       0.05478
  41    0.4307        7.7911        0.0000      104.2089      104.2090      96.417880       0.05531
  40    0.5894        7.7911        0.0001      104.2078      104.2079      96.416818       0.05648
  39     1.339        7.7910        0.0001      104.2025      104.2027      96.411698       0.05764
  38     1.782        7.7910        0.0002      104.1995      104.1997      96.408700       0.05707
  37     2.292        7.7909        0.0003      104.1959      104.1962      96.405283       0.05659
  36     2.964        7.7908        0.0003      104.1914      104.1917      96.400897       0.05506
  35     3.853        7.7908        0.0004      104.1856      104.1860      96.395249       0.05360
  34     5.035        7.7907        0.0006      104.1780      104.1785      96.387878       0.05266
  33     6.613        7.7905        0.0008      104.1679      104.1687      96.378165       0.05193
  32     8.786        7.7903        0.0010      104.1546      104.1556      96.365308       0.04993
  31     11.80        7.7900        0.0014      104.1361      104.1374      96.347392       0.05016
  30     15.07        7.7897        0.0018      104.1167      104.1185      96.328771       0.04808
  29     18.79        7.7894        0.0022      104.0957      104.0979      96.308528       0.04590
  28     23.16        7.7890        0.0027      104.0721      104.0748      96.285782       0.04398
  27     28.12        7.7885        0.0033      104.0460      104.0493      96.260761       0.04253
  26     33.73        7.7880        0.0039      104.0182      104.0222      96.234148       0.04001
  25     40.54        7.7874        0.0047      103.9864      103.9911      96.203738       0.03773
  24     48.69        7.7867        0.0057      103.9505      103.9562      96.169519       0.03541
  23     57.69        7.7858        0.0067      103.9131      103.9198      96.133984       0.03331
  22     68.43        7.7848        0.0079      103.8707      103.8786      96.093749       0.03163
  21     81.20        7.7837        0.0094      103.8220      103.8314      96.047715       0.03042
  20     96.49        7.7823        0.0112      103.7652      103.7764      95.994130       0.02958
  19     114.6        7.7806        0.0133      103.6982      103.7115      95.930896       0.02953
  18     136.5        7.7787        0.0158      103.6183      103.6340      95.855388       0.02903
  17     162.9        7.7763        0.0187      103.5019      103.5206      95.744288       0.03551
  16     196.4        7.7733        0.0226      103.2602      103.2827      95.509388       0.05913
  15     218.7        7.7714        0.0250      102.9098      102.9348      95.163378       0.13137
  14     243.0        7.7695        0.0276      102.2733      102.3009      94.531400       0.21919
  13     269.0        7.7676        0.0301      101.2642      101.2944      93.526719       0.32591
  12     297.5        7.7661        0.0326       99.6696       99.7022      91.936184       0.47174
  11     328.5        7.7649        0.0351       97.6083       97.6435      89.878588       0.55945
  10     361.9        7.7643        0.0377       95.2483       95.2860      87.521696       0.59632
   9     398.1        7.7647        0.0402       92.6563       92.6965      84.931804       0.60339
   8     437.6        7.7668        0.0425       89.7045       89.7471      81.980219       0.63107
   7     480.5        7.7714        0.0447       86.3262       86.3709      78.599528       0.66396
   6     533.0        7.7813        0.0470       81.9782       82.0251      74.243816       0.70070
   5     589.8        7.8003        0.0489       77.1943       77.2433      69.442961       0.71260
   4     651.6        7.8383        0.0504       71.7781       71.8285      63.990148       0.74569
   3     718.7        7.9095        0.0516       66.2269       66.2785      58.368984       0.70642
   2     792.3        8.0464        0.0525       60.7068       60.7593      52.712837       0.64870
   1     891.5        8.4163        0.0533       54.2275       54.2809      45.864531       0.58276
   0    1013.0        9.6086        0.0544       47.9886       48.0430      38.434387       0.51591



 Wavenumbers:  7700. -  8050. cm-1, ATM      1
 LEVEL PRESSURE   UPWARD FLUX   DIFDOWN FLUX  DIRDOWN FLUX  DOWNWARD FLUX   NET FLUX    HEATING RATE
          mb          W/m2          W/m2          W/m2        W/m2          W/m2       degree/day
  51    .06700        4.1179        0.0000       24.6282       24.6282      20.510351       0.00000
  50    .07753        4.1179        0.0000       24.6282       24.6282      20.510331       0.01658
  49    .09103        4.1179        0.0000       24.6282       24.6282      20.510305       0.01625
  48    0.1069        4.1179        0.0000       24.6281       24.6281      20.510275       0.01590
  47    0.1255        4.1179        0.0000       24.6281       24.6281      20.510241       0.01556
  46    0.1487        4.1179        0.0000       24.6281       24.6281      20.510197       0.01579
  45    0.1794        4.1179        0.0000       24.6280       24.6280      20.510138       0.01625
  44    0.2165        4.1179        0.0000       24.6280       24.6280      20.510068       0.01594
  43    0.2613        4.1179        0.0000       24.6279       24.6279      20.509985       0.01564
  42    0.3336        4.1179        0.0000       24.6278       24.6278      20.509848       0.01601
  41    0.4307        4.1179        0.0000       24.6276       24.6276      20.509666       0.01583
  40    0.5894        4.1180        0.0000       24.6273       24.6273      20.509368       0.01582
  39     1.339        4.1182        0.0001       24.6261       24.6261      20.507961       0.01584
  38     1.782        4.1183        0.0001       24.6253       24.6254      20.507134       0.01574
  37     2.292        4.1184        0.0001       24.6244       24.6246      20.506177       0.01585
  36     2.964        4.1185        0.0001       24.6233       24.6235      20.504920       0.01578
  35     3.853        4.1188        0.0002       24.6218       24.6220      20.503259       0.01576
  34     5.035        4.1190        0.0003       24.6198       24.6201      20.501051       0.01577
  33     6.613        4.1194        0.0003       24.6172       24.6175      20.498101       0.01577
  32     8.786        4.1199        0.0004       24.6136       24.6140      20.494125       0.01544
  31     11.80        4.1207        0.0006       24.6085       24.6091      20.488435       0.01593
  30     15.07        4.1214        0.0008       24.6030       24.6038      20.482323       0.01578
  29     18.79        4.1223        0.0010       24.5968       24.5977      20.475417       0.01566
  28     23.16        4.1234        0.0012       24.5895       24.5907      20.467350       0.01560
  27     28.12        4.1246        0.0014       24.5813       24.5827      20.458124       0.01568
  26     33.73        4.1259        0.0017       24.5720       24.5737      20.447800       0.01552
  25     40.54        4.1275        0.0020       24.5608       24.5629      20.435329       0.01547
  24     48.69        4.1295        0.0025       24.5473       24.5498      20.420300       0.01555
  23     57.69        4.1317        0.0029       24.5326       24.5355      20.403799       0.01547
  22     68.43        4.1343        0.0034       24.5150       24.5185      20.384162       0.01544
  21     81.20        4.1375        0.0041       24.4942       24.4983      20.360790       0.01544
  20     96.49        4.1412        0.0049       24.4694       24.4742      20.332978       0.01535
  19     114.6        4.1458        0.0058       24.4400       24.4458      20.300011       0.01539
  18     136.5        4.1513        0.0068       24.4054       24.4123      20.261016       0.01499
  17     162.9        4.1579        0.0081       24.3644       24.3726      20.214690       0.01481
  16     196.4        4.1666        0.0098       24.3116       24.3214      20.154780       0.01508
  15     218.7        4.1725        0.0109       24.2771       24.2880      20.115509       0.01491
  14     243.0        4.1789        0.0120       24.2397       24.2518      20.072841       0.01480
  13     269.0        4.1861        0.0133       24.1993       24.2126      20.026555       0.01501
  12     297.5        4.1940        0.0147       24.1556       24.1703      19.976373       0.01488
  11     328.5        4.2027        0.0162       24.1084       24.1247      19.921916       0.01481
  10     361.9        4.2125        0.0178       24.0576       24.0754      19.862902       0.01493
   9     398.1        4.2234        0.0196       24.0026       24.0221      19.798764       0.01494
   8     437.6        4.2356        0.0214       23.9430       23.9644      19.728832       0.01495
   7     480.5        4.2493        0.0234       23.8783       23.9018      19.652421       0.01501
   6     533.0        4.2673        0.0259       23.7972       23.8231      19.555757       0.01555
   5     589.8        4.2884        0.0285       23.7068       23.7353      19.446929       0.01615
   4     651.6        4.3138        0.0313       23.6034       23.6348      19.320929       0.01723
   3     718.7        4.3452        0.0343       23.4831       23.5175      19.172216       0.01869
   2     792.3        4.3855        0.0375       23.3389       23.3764      18.990873       0.02080
   1     891.5        4.4546        0.0417       23.1128       23.1545      18.699916       0.02476
   0    1013.0        4.5675        0.0466       22.7908       22.8374      18.269911       0.02986



 Wavenumbers:  8050. - 12850. cm-1, ATM      1
 LEVEL PRESSURE   UPWARD FLUX   DIFDOWN FLUX  DIRDOWN FLUX  DOWNWARD FLUX   NET FLUX    HEATING RATE
          mb          W/m2          W/m2          W/m2        W/m2          W/m2       degree/day
  51    .06700       50.2484        0.0000      344.8133      344.8133     294.564874       0.00000
  50    .07753       50.2484        0.0000      344.8132      344.8132     294.564874       0.00000
  49    .09103       50.2484        0.0001      344.8132      344.8132     294.564874       0.00000
  48    0.1069       50.2483        0.0001      344.8131      344.8132     294.564874       0.00000
  47    0.1255       50.2483        0.0001      344.8130      344.8132     294.564874       0.00000
  46    0.1487       50.2483        0.0002      344.8129      344.8131     294.564874       0.00000
  45    0.1794       50.2482        0.0003      344.8128      344.8131     294.564874       0.00000
  44    0.2165       50.2482        0.0004      344.8127      344.8130     294.564874       0.00000
  43    0.2613       50.2481        0.0005      344.8125      344.8130     294.564874       0.00000
  42    0.3336       50.2480        0.0007      344.8122      344.8129     294.564874       0.00000
  41    0.4307       50.2478        0.0009      344.8118      344.8127     294.564874       0.00000
  40    0.5894       50.2476        0.0013      344.8112      344.8125     294.564874       0.00000
  39     1.339       50.2465        0.0031      344.8082      344.8113     294.564874       0.00000
  38     1.782       50.2458        0.0042      344.8065      344.8107     294.564874       0.00000
  37     2.292       50.2450        0.0054      344.8045      344.8099     294.564874       0.00000
  36     2.964       50.2440        0.0070      344.8018      344.8089     294.564874       0.00000
  35     3.853       50.2427        0.0092      344.7984      344.8076     294.564874       0.00000
  34     5.035       50.2409        0.0121      344.7937      344.8058     294.564874       0.00000
  33     6.613       50.2385        0.0159      344.7875      344.8034     294.564874       0.00000
  32     8.786       50.2353        0.0211      344.7791      344.8002     294.564874       0.00000
  31     11.80       50.2307        0.0284      344.7672      344.7956     294.564874       0.00000
  30     15.07       50.2258        0.0364      344.7543      344.7907     294.564874       0.00000
  29     18.79       50.2202        0.0454      344.7397      344.7851     294.564874       0.00000
  28     23.16       50.2137        0.0559      344.7227      344.7786     294.564874       0.00000
  27     28.12       50.2062        0.0679      344.7032      344.7711     294.564874       0.00000
  26     33.73       50.1979        0.0814      344.6813      344.7627     294.564874       0.00000
  25     40.54       50.1877        0.0977      344.6549      344.7526     294.564874       0.00000
  24     48.69       50.1755        0.1174      344.6230      344.7404     294.564874       0.00000
  23     57.69       50.1620        0.1391      344.5878      344.7269     294.564874       0.00000
  22     68.43       50.1460        0.1649      344.5459      344.7108     294.564874       0.00000
  21     81.20       50.1268        0.1957      344.4959      344.6917     294.564874       0.00000
  20     96.49       50.1039        0.2325      344.4362      344.6687     294.564874       0.00000
  19     114.6       50.0767        0.2763      344.3591      344.6354     294.558721       0.00287
  18     136.5       50.0444        0.3284      344.2671      344.5955     294.551061       0.00295
  17     162.9       50.0059        0.3905      344.1537      344.5442     294.538272       0.00409
  16     196.4       49.9558        0.4712      343.9897      344.4609     294.505114       0.00835
  15     218.7       49.9229        0.5244      343.8406      344.3650     294.442047       0.02394
  14     243.0       49.8875        0.5821      343.5936      344.1757     294.288220       0.05335
  13     269.0       49.8498        0.6445      343.1662      343.8107     293.960941       0.10617
  12     297.5       49.8107        0.7117      342.4816      343.1933     293.382641       0.17152
  11     328.5       49.7703        0.7841      341.5915      342.3755     292.605250       0.21137
  10     361.9       49.7297        0.8617      340.5068      341.3685     291.638795       0.24452
   9     398.1       49.6905        0.9448      339.1868      340.1316     290.441066       0.27904
   8     437.6       49.6555        1.0330      337.5248      338.5578     288.902294       0.32900
   7     480.5       49.6283        1.1263      335.4295      336.5558     286.927474       0.38785
   6     533.0       49.6140        1.2389      332.3607      333.5996     283.985572       0.47326
   5     589.8       49.6341        1.3565      328.3361      329.6926     280.058551       0.58290
   4     651.6       49.7303        1.4763      322.7593      324.2356     274.505316       0.75942
   3     718.7       49.9585        1.5972      315.5520      317.1492     267.190729       0.91924
   2     792.3       50.4451        1.7159      306.4988      308.2148     257.769701       1.08049
   1     891.5       51.7931        1.8583      292.9606      294.8189     243.025854       1.25463
   0    1013.0       55.6609        2.0092      276.2953      278.3045     222.643587       1.41525



 Wavenumbers: 12850. - 16000. cm-1, ATM      1
 LEVEL PRESSURE   UPWARD FLUX   DIFDOWN FLUX  DIRDOWN FLUX  DOWNWARD FLUX   NET FLUX    HEATING RATE
          mb          W/m2          W/m2          W/m2        W/m2          W/m2       degree/day
  51    .06700       39.5239        0.0000      216.0561      216.0561     176.532226       0.00000
  50    .07753       39.5239        0.0001      216.0552      216.0553     176.531441       0.62911
  49    .09103       39.5238        0.0001      216.0542      216.0543     176.530452       0.61853
  48    0.1069       39.5238        0.0002      216.0529      216.0531     176.529310       0.60794
  47    0.1255       39.5238        0.0003      216.0514      216.0518     176.527991       0.59776
  46    0.1487       39.5237        0.0004      216.0496      216.0501     176.526318       0.60993
  45    0.1794       39.5237        0.0006      216.0471      216.0477     176.524024       0.62980
  44    0.2165       39.5237        0.0008      216.0442      216.0450     176.521299       0.61975
  43    0.2613       39.5236        0.0010      216.0407      216.0417     176.518062       0.61028
  42    0.3336       39.5236        0.0014      216.0349      216.0363     176.512700       0.62509
  41    0.4307       39.5236        0.0019      216.0273      216.0292     176.505629       0.61486
  40    0.5894       39.5237        0.0028      216.0151      216.0178     176.494154       0.61019
  39     1.339       39.5256        0.0067      215.9588      215.9656     176.440001       0.60967
  38     1.782       39.5278        0.0091      215.9263      215.9354     176.407646       0.61598
  37     2.292       39.5313        0.0118      215.8885      215.9002     176.368907       0.64163
  36     2.964       39.5376        0.0153      215.8376      215.8530     176.315357       0.67221
  35     3.853       39.5481        0.0200      215.7686      215.7886     176.240478       0.71062
  34     5.035       39.5643        0.0262      215.6762      215.7024     176.138123       0.73118
  33     6.613       39.5869        0.0345      215.5560      215.5905     176.003555       0.71940
  32     8.786       39.6163        0.0457      215.4042      215.4499     175.833576       0.66014
  31     11.80       39.6540        0.0617      215.2063      215.2679     175.613944       0.61490
  30     15.07       39.6894        0.0788      215.0123      215.0911     175.401684       0.54801
  29     18.79       39.7248        0.0982      214.8085      214.9066     175.181839       0.49846
  28     23.16       39.7609        0.1208      214.5875      214.7082     174.947314       0.45349
  27     28.12       39.7961        0.1466      214.3542      214.5008     174.704733       0.41237
  26     33.73       39.8267        0.1755      214.1207      214.2962     174.469563       0.35358
  25     40.54       39.8535        0.2105      213.8703      214.0808     174.227290       0.30057
  24     48.69       39.8760        0.2526      213.5996      213.8522     173.976260       0.25978
  23     57.69       39.8911        0.2990      213.3326      213.6316     173.740558       0.22094
  22     68.43       39.8987        0.3542      213.0481      213.4023     173.503611       0.18627
  21     81.20       39.8937        0.4202      212.7554      213.1756     173.281875       0.14652
  20     96.49       39.8746        0.4988      212.4516      212.9505     173.075904       0.11368
  19     114.6       39.8511        0.5929      212.1171      212.7100     172.858872       0.10134
  18     136.5       39.8176        0.7044      211.7454      212.4498     172.632209       0.08716
  17     162.9       39.7722        0.8373      211.3270      212.1643     172.392126       0.07674
  16     196.4       39.7020        1.0097      210.8230      211.8327     172.130663       0.06581
  15     218.7       39.6518        1.1230      210.5040      211.6270     171.975162       0.05904
  14     243.0       39.5954        1.2461      210.1596      211.4058     171.810328       0.05717
  13     269.0       39.5326        1.3796      209.7860      211.1656     171.632939       0.05754
  12     297.5       39.4635        1.5239      209.3764      210.9003     171.436876       0.05815
  11     328.5       39.3885        1.6798      208.9254      210.6052     171.216677       0.05987
  10     361.9       39.3081        1.8477      208.4276      210.2753     170.967233       0.06311
   9     398.1       39.2224        2.0284      207.8769      209.9053     170.682887       0.06625
   8     437.6       39.1327        2.2223      207.2638      209.4861     170.353371       0.07045
   7     480.5       39.0401        2.4299      206.5813      209.0112     169.971076       0.07508
   6     533.0       38.9334        2.6851      205.6992      208.3843     169.450900       0.08368
   5     589.8       38.8323        2.9592      204.6790      207.6382     168.805927       0.09574
   4     651.6       38.7532        3.2516      203.4462      206.6978     167.944646       0.11778
   3     718.7       38.7077        3.5611      201.9725      205.5336     166.825970       0.14059
   2     792.3       38.7331        3.8846      200.1550      204.0396     165.306454       0.17427
   1     891.5       38.9507        4.3048      197.2782      201.5830     162.632338       0.22755
   0    1013.0       39.6213        4.7855      193.3211      198.1066     158.485277       0.28795



 Wavenumbers: 16000. - 22650. cm-1, ATM      1
 LEVEL PRESSURE   UPWARD FLUX   DIFDOWN FLUX  DIRDOWN FLUX  DOWNWARD FLUX   NET FLUX    HEATING RATE
          mb          W/m2          W/m2          W/m2        W/m2          W/m2       degree/day
  51    .06700       77.1861        0.0000      344.4773      344.4773     267.291221       0.00000
  50    .07753       77.1859        0.0004      344.4767      344.4771     267.291121       0.08039
  49    .09103       77.1858        0.0008      344.4760      344.4768     267.290975       0.09118
  48    0.1069       77.1856        0.0013      344.4751      344.4764     267.290780       0.10397
  47    0.1255       77.1854        0.0019      344.4740      344.4759     267.290518       0.11851
  46    0.1487       77.1851        0.0026      344.4726      344.4753     267.290133       0.14044
  45    0.1794       77.1848        0.0036      344.4707      344.4744     267.289531       0.16535
  44    0.2165       77.1845        0.0048      344.4684      344.4732     267.288714       0.18584
  43    0.2613       77.1841        0.0062      344.4655      344.4717     267.287605       0.20893
  42    0.3336       77.1836        0.0086      344.4605      344.4691     267.285498       0.24570
  41    0.4307       77.1830        0.0117      344.4537      344.4653     267.282321       0.27619
  40    0.5894       77.1823        0.0167      344.4418      344.4586     267.276263       0.32217
  39     1.339       77.1838        0.0407      344.3745      344.4153     267.231502       0.50392
  38     1.782       77.1880        0.0548      344.3266      344.3814     267.193370       0.72599
  37     2.292       77.1962        0.0711      344.2633      344.3344     267.138169       0.91427
  36     2.964       77.2119        0.0925      344.1681      344.2607     267.048736       1.12266
  35     3.853       77.2396        0.1208      344.0257      344.1464     266.906808       1.34691
  34     5.035       77.2833        0.1583      343.8200      343.9783     266.695024       1.51290
  33     6.613       77.3451        0.2084      343.5373      343.7457     266.400628       1.57384
  32     8.786       77.4247        0.2758      343.1663      343.4421     266.017418       1.48825
  31     11.80       77.5249        0.3722      342.6699      343.0421     265.517201       1.40045
  30     15.07       77.6166        0.4756      342.1768      342.6524     265.035767       1.24297
  29     18.79       77.7059        0.5923      341.6556      342.2480     264.542098       1.11930
  28     23.16       77.7935        0.7285      341.0881      341.8167     264.023114       1.00355
  27     28.12       77.8745        0.8842      340.4868      341.3710     263.496499       0.89521
  26     33.73       77.9373        1.0583      339.8807      340.9389     263.001592       0.74411
  25     40.54       77.9813        1.2686      339.2249      340.4935     262.512194       0.60715
  24     48.69       78.0030        1.5219      338.5085      340.0304     262.027425       0.50166
  23     57.69       77.9967        1.8001      337.7928      339.5929     261.596192       0.40422
  22     68.43       77.9564        2.1312      337.0164      339.1476     261.191170       0.31840
  21     81.20       77.8638        2.5256      336.1942      338.7198     260.855951       0.22151
  20     96.49       77.7118        2.9952      335.3094      338.3046     260.592755       0.14527
  19     114.6       77.5109        3.5515      334.3056      337.8571     260.346161       0.11514
  18     136.5       77.2563        4.2089      333.1509      337.3597     260.103439       0.09333
  17     162.9       76.9373        4.9888      331.8086      336.7974     259.860150       0.07776
  16     196.4       76.4910        5.9960      330.1362      336.1322     259.641179       0.05512
  15     218.7       76.1850        6.6547      329.0635      335.7182     259.533226       0.04099
  14     243.0       75.8453        7.3682      327.9099      335.2781     259.432879       0.03480
  13     269.0       75.4694        8.1385      326.6727      334.8112     259.341785       0.02955
  12     297.5       75.0552        8.9674      325.3480      334.3154     259.260170       0.02421
  11     328.5       74.6016        9.8591      323.9230      333.7822     259.180539       0.02165
  10     361.9       74.1067       10.8145      322.3951      333.2096     259.102958       0.01963
   9     398.1       73.5668       11.8374      320.7562      332.5936     259.026735       0.01776
   8     437.6       72.9798       12.9295      318.9999      331.9294     258.949554       0.01650
   7     480.5       72.3424       14.0931      317.1204      331.2135     258.871121       0.01540
   6     533.0       71.5468       15.5155      314.8083      330.3238     258.776948       0.01515
   5     589.8       70.6769       17.0365      312.3122      329.3487     258.671770       0.01561
   4     651.6       69.7295       18.6578      309.6150      328.2728     258.543250       0.01758
   3     718.7       68.7003       20.3809      306.6997      327.0806     258.380378       0.02047
   2     792.3       67.5895       22.2041      303.5428      325.7469     258.157429       0.02557
   1     891.5       66.0848       24.6266      299.2039      323.8304     257.745602       0.03504
   0    1013.0       64.2724       27.4747      293.8874      321.3620     257.089638       0.04555



 Wavenumbers: 22650. - 29000. cm-1, ATM      1
 LEVEL PRESSURE   UPWARD FLUX   DIFDOWN FLUX  DIRDOWN FLUX  DOWNWARD FLUX   NET FLUX    HEATING RATE
          mb          W/m2          W/m2          W/m2        W/m2          W/m2       degree/day
  51    .06700       38.7076        0.0000      129.9937      129.9937      91.286092       0.00000
  50    .07753       38.7075        0.0004      129.9931      129.9936      91.286092       0.00000
  49    .09103       38.7073        0.0009      129.9925      129.9934      91.286092       0.00000
  48    0.1069       38.7071        0.0015      129.9917      129.9931      91.286092       0.00000
  47    0.1255       38.7068        0.0022      129.9907      129.9929      91.286092       0.00000
  46    0.1487       38.7065        0.0030      129.9896      129.9926      91.286092       0.00000
  45    0.1794       38.7061        0.0042      129.9880      129.9922      91.286092       0.00000
  44    0.2165       38.7056        0.0055      129.9861      129.9917      91.286092       0.00000
  43    0.2613       38.7050        0.0071      129.9839      129.9911      91.286092       0.00000
  42    0.3336       38.7040        0.0098      129.9803      129.9901      91.286092       0.00000
  41    0.4307       38.7026        0.0133      129.9754      129.9887      91.286092       0.00000
  40    0.5894       38.7005        0.0191      129.9674      129.9866      91.286092       0.00000
  39     1.339       38.6903        0.0465      129.9298      129.9764      91.286092       0.00000
  38     1.782       38.6843        0.0626      129.9078      129.9704      91.286092       0.00000
  37     2.292       38.6774        0.0813      129.8822      129.9635      91.286092       0.00000
  36     2.964       38.6683        0.1057      129.8486      129.9544      91.286092       0.00000
  35     3.853       38.6562        0.1380      129.8043      129.9423      91.286092       0.00000
  34     5.035       38.6402        0.1809      129.7454      129.9263      91.286092       0.00000
  33     6.613       38.6188        0.2382      129.6666      129.9049      91.286092       0.00000
  32     8.786       38.5899        0.3154      129.5606      129.8759      91.286092       0.00000
  31     11.80       38.5484        0.4257      129.4088      129.8345      91.286092       0.00000
  30     15.07       38.5038        0.5440      129.2459      129.7899      91.286092       0.00000
  29     18.79       38.4533        0.6774      129.0620      129.7394      91.286092       0.00000
  28     23.16       38.3941        0.8330      128.8472      129.6802      91.286092       0.00000
  27     28.12       38.3262        1.0106      128.6017      129.6123      91.286092       0.00000
  26     33.73       38.2500        1.2089      128.3272      129.5361      91.286092       0.00000
  25     40.54       38.1576        1.4478      127.9959      129.4437      91.286092       0.00000
  24     48.69       38.0457        1.7346      127.5971      129.3318      91.286092       0.00000
  23     57.69       37.9221        2.0483      127.1599      129.2082      91.286092       0.00000
  22     68.43       37.7742        2.4200      126.6403      129.0603      91.286092       0.00000
  21     81.20       37.5968        2.8599      126.0230      128.8829      91.286092       0.00000
  20     96.49       37.3839        3.3798      125.2902      128.6700      91.286092       0.00000
  19     114.6       37.1290        3.9911      124.4240      128.4151      91.286092       0.00000
  18     136.5       36.8240        4.7071      123.4030      128.1101      91.286092       0.00000
  17     162.9       36.4566        5.5474      122.1953      127.7427      91.286092       0.00000
  16     196.4       35.9736        6.6172      120.6425      127.2597      91.286092       0.00000
  15     218.7       35.6523        7.3075      119.6309      126.9384      91.286092       0.00000
  14     243.0       35.2994        8.0471      118.5384      126.5855      91.286092       0.00000
  13     269.0       34.9127        8.8358      117.3630      126.1988      91.286092       0.00000
  12     297.5       34.4896        9.6734      116.1023      125.7757      91.286092       0.00000
  11     328.5       34.0264       10.5614      114.7511      125.3125      91.286092       0.00000
  10     361.9       33.5206       11.4978      113.3089      124.8067      91.286092       0.00000
   9     398.1       32.9680       12.4830      111.7711      124.2541      91.286092       0.00000
   8     437.6       32.3648       13.5151      110.1359      123.6509      91.286092       0.00000
   7     480.5       31.7071       14.5917      108.4016      122.9932      91.286092       0.00000
   6     533.0       30.8813       15.8752      106.2922      122.1674      91.286092       0.00000
   5     589.8       29.9705       17.2078      104.0488      121.2566      91.286092       0.00000
   4     651.6       28.9668       18.5825      101.6705      120.2529      91.286092       0.00000
   3     718.7       27.8610       19.9908       99.1563      119.1471      91.286092       0.00000
   2     792.3       26.6440       21.4213       96.5088      117.9301      91.286092       0.00000
   1     891.5       24.9461       23.2253       93.0068      116.2322      91.286092       0.00000
   0    1013.0       22.8215       25.1990       88.9086      114.1076      91.286092       0.00000



 Wavenumbers: 29000. - 38000. cm-1, ATM      1
 LEVEL PRESSURE   UPWARD FLUX   DIFDOWN FLUX  DIRDOWN FLUX  DOWNWARD FLUX   NET FLUX    HEATING RATE
          mb          W/m2          W/m2          W/m2        W/m2          W/m2       degree/day
  51    .06700        8.2179        0.0000       45.8414       45.8414      37.623548       0.00000
  50    .07753        8.2177        0.0003       45.8371       45.8374      37.619734       3.05708
  49    .09103        8.2175        0.0007       45.8309       45.8317      37.614182       3.47010
  48    0.1069        8.2172        0.0012       45.8228       45.8240      37.606744       3.95951
  47    0.1255        8.2170        0.0017       45.8120       45.8137      37.596785       4.51477
  46    0.1487        8.2166        0.0024       45.7964       45.7987      37.582110       5.34917
  45    0.1794        8.2162        0.0033       45.7721       45.7754      37.559195       6.29093
  44    0.2165        8.2157        0.0043       45.7396       45.7439      37.528185       7.05412
  43    0.2613        8.2152        0.0056       45.6959       45.7014      37.486266       7.90158
  42    0.3336        8.2144        0.0076       45.6139       45.6215      37.407131       9.22633
  41    0.4307        8.2134        0.0103       45.4924       45.5028      37.289371      10.23897
  40    0.5894        8.2121        0.0147       45.2675       45.2821      37.070021      11.66476
  39     1.339        8.2104        0.0336       43.8246       43.8582      35.647755      16.01213
  38     1.782        8.2123        0.0434       42.8355       42.8789      34.666593      18.67975
  37     2.292        8.2170        0.0540       41.6857       41.7396      33.522646      18.94675
  36     2.964        8.2269        0.0670       40.2948       40.3617      32.134845      17.42109
  35     3.853        8.2452        0.0833       38.7692       38.8525      30.607294      14.49675
  34     5.035        8.2747        0.1040       37.2311       37.3351      29.060365      11.05062
  33     6.613        8.3175        0.1308       35.7414       35.8722      27.554701       8.04928
  32     8.786        8.3744        0.1660       34.3307       34.4967      26.122312       5.56288
  31     11.80        8.4496        0.2153       32.9496       33.1649      24.715291       3.93922
  30     15.07        8.5234        0.2671       31.8961       32.1632      23.639839       2.77661
  29     18.79        8.6010        0.3245       30.9876       31.3121      22.711073       2.10580
  28     23.16        8.6852        0.3903       30.1584       30.5486      21.863463       1.63900
  27     28.12        8.7734        0.4645       29.4070       29.8715      21.098127       1.30102
  26     33.73        8.8569        0.5472       28.7544       29.3016      20.444666       0.98250
  25     40.54        8.9383        0.6468       28.1360       28.7828      19.844465       0.74462
  24     48.69        9.0172        0.7661       27.5375       28.3036      19.286371       0.57754
  23     57.69        9.0837        0.8966       27.0006       27.8972      18.813513       0.44323
  22     68.43        9.1387        1.0512       26.4731       27.5243      18.385574       0.33642
  21     81.20        9.1658        1.2362       25.9707       27.2069      18.041144       0.22759
  20     96.49        9.1594        1.4569       25.4786       26.9355      17.776097       0.14629
  19     114.6        9.1314        1.7144       24.9545       26.6690      17.537578       0.11137
  18     136.5        9.0844        2.0114       24.3784       26.3899      17.305484       0.08925
  17     162.9        9.0155        2.3546       23.7368       26.0914      17.075881       0.07339
  16     196.4        8.8954        2.7878       22.9800       25.7678      16.872451       0.05121
  15     218.7        8.8038        3.0624       22.5128       25.5752      16.771315       0.03840
  14     243.0        8.6976        3.3520       22.0230       25.3750      16.677358       0.03259
  13     269.0        8.5749        3.6559       21.5116       25.1674      16.592524       0.02752
  12     297.5        8.4343        3.9730       20.9787       24.9517      16.517414       0.02228
  11     328.5        8.2763        4.3014       20.4202       24.7216      16.445254       0.01962
  10     361.9        8.0998        4.6388       19.8375       24.4763      16.376489       0.01740
   9     398.1        7.9027        4.9837       19.2303       24.2139      16.311275       0.01519
   8     437.6        7.6837        5.3331       18.5991       23.9321      16.248473       0.01343
   7     480.5        7.4406        5.6843       17.9453       23.6296      16.189071       0.01167
   6     533.0        7.1303        6.0847       17.1704       23.2551      16.124832       0.01033
   5     589.8        6.7827        6.4763       16.3696       22.8459      16.063165       0.00915
   4     651.6        6.3947        6.8534       15.5451       22.3985      16.003801       0.00812
   3     718.7        5.9619        7.2085       14.7003       21.9088      15.946837       0.00716
   2     792.3        5.4801        7.5322       13.8403       21.3725      15.892391       0.00624
   1     891.5        4.8006        7.8820       12.7464       20.6284      15.827854       0.00549
   0    1013.0        3.9402        8.1701       11.5310       19.7011      15.760856       0.00465



 Wavenumbers: 38000. - 50000. cm-1, ATM      1
 LEVEL PRESSURE   UPWARD FLUX   DIFDOWN FLUX  DIRDOWN FLUX  DOWNWARD FLUX   NET FLUX    HEATING RATE
          mb          W/m2          W/m2          W/m2        W/m2          W/m2       degree/day
  51    .06700        0.0085        0.0000        2.8277        2.8277       2.819173       0.00000
  50    .07753        0.0084        0.0001        2.8252        2.8253       2.816849       1.86317
  49    .09103        0.0084        0.0002        2.8217        2.8219       2.813531       2.07365
  48    0.1069        0.0083        0.0003        2.8172        2.8175       2.809168       2.32272
  47    0.1255        0.0082        0.0004        2.8113        2.8116       2.803422       2.60458
  46    0.1487        0.0081        0.0005        2.8027        2.8032       2.795087       3.03842
  45    0.1794        0.0079        0.0007        2.7895        2.7902       2.782240       3.52678
  44    0.2165        0.0078        0.0009        2.7720        2.7729       2.765081       3.90340
  43    0.2613        0.0076        0.0012        2.7486        2.7498       2.742186       4.31557
  42    0.3336        0.0073        0.0015        2.7054        2.7069       2.699610       4.96399
  41    0.4307        0.0070        0.0020        2.6423        2.6443       2.637366       5.41190
  40    0.5894        0.0064        0.0027        2.5281        2.5308       2.524410       6.00686
  39     1.339        0.0046        0.0042        1.8686        1.8728       1.868236       7.38733
  38     1.782        0.0038        0.0042        1.4870        1.4912       1.487329       7.25187
  37     2.292        0.0032        0.0038        1.1171        1.1209       1.117719       6.12170
  36     2.964        0.0027        0.0033        0.7761        0.7794       0.776739       4.28032
  35     3.853        0.0022        0.0029        0.5221        0.5250       0.522830       2.40964
  34     5.035        0.0018        0.0026        0.3576        0.3602       0.358339       1.17506
  33     6.613        0.0015        0.0023        0.2490        0.2513       0.249829       0.58010
  32     8.786        0.0012        0.0021        0.1743        0.1764       0.175153       0.29001
  31     11.80        0.0010        0.0018        0.1187        0.1204       0.119474       0.15589
  30     15.07        0.0007        0.0015        0.0844        0.0858       0.085092       0.08877
  29     18.79        0.0006        0.0012        0.0597        0.0609       0.060338       0.05612
  28     23.16        0.0004        0.0009        0.0412        0.0422       0.041737       0.03597
  27     28.12        0.0003        0.0007        0.0279        0.0286       0.028286       0.02287
  26     33.73        0.0002        0.0005        0.0188        0.0193       0.019062       0.01387
  25     40.54        0.0002        0.0004        0.0122        0.0125       0.012375       0.00830
  24     48.69        0.0001        0.0003        0.0075        0.0078       0.007658       0.00488
  23     57.69        0.0001        0.0002        0.0046        0.0048       0.004695       0.00278
  22     68.43        0.0000        0.0001        0.0027        0.0028       0.002724       0.00155
  21     81.20        0.0000        0.0001        0.0015        0.0015       0.001499       0.00081
  20     96.49        0.0000        0.0000        0.0007        0.0008       0.000770       0.00040
  19     114.6        0.0000        0.0000        0.0003        0.0004       0.000354       0.00019
  18     136.5        0.0000        0.0000        0.0001        0.0001       0.000141       0.00008
  17     162.9        0.0000        0.0000        0.0000        0.0000       0.000047       0.00003
  16     196.4        0.0000        0.0000        0.0000        0.0000       0.000012       0.00001
  15     218.7        0.0000        0.0000        0.0000        0.0000       0.000005       0.00000
  14     243.0        0.0000        0.0000        0.0000        0.0000       0.000002       0.00000
  13     269.0        0.0000        0.0000        0.0000        0.0000       0.000001       0.00000
  12     297.5        0.0000        0.0000        0.0000        0.0000       0.000000       0.00000
  11     328.5        0.0000        0.0000        0.0000        0.0000       0.000000       0.00000
  10     361.9        0.0000        0.0000        0.0000        0.0000       0.000000       0.00000
   9     398.1        0.0000        0.0000        0.0000        0.0000       0.000000       0.00000
   8     437.6        0.0000        0.0000        0.0000        0.0000       0.000000       0.00000
   7     480.5        0.0000        0.0000        0.0000        0.0000       0.000000       0.00000
   6     533.0        0.0000        0.0000        0.0000        0.0000       0.000000       0.00000
   5     589.8        0.0000        0.0000        0.0000        0.0000       0.000000       0.00000
   4     651.6        0.0000        0.0000        0.0000        0.0000       0.000000       0.00000
   3     718.7        0.0000        0.0000        0.0000        0.0000       0.000000       0.00000
   2     792.3        0.0000        0.0000        0.0000        0.0000       0.000000       0.00000
   1     891.5        0.0000        0.0000        0.0000        0.0000       0.000000       0.00000
   0    1013.0        0.0000        0.0000        0.0000        0.0000       0.000000       0.00000



 Wavenumbers:   820. -  2600. cm-1, ATM      1
 LEVEL PRESSURE   UPWARD FLUX   DIFDOWN FLUX  DIRDOWN FLUX  DOWNWARD FLUX   NET FLUX    HEATING RATE
          mb          W/m2          W/m2          W/m2        W/m2          W/m2       degree/day
  51    .06700        0.5825        0.0000       13.2264       13.2264      12.643925       0.00000
  50    .07753        0.5825        0.0000       13.2194       13.2194      12.636907       5.62527
  49    .09103        0.5825        0.0000       13.2178       13.2178      12.635332       0.98405
  48    0.1069        0.5825        0.0000       13.2167       13.2167      12.634205       0.59981
  47    0.1255        0.5825        0.0000       13.2154       13.2154      12.632914       0.58539
  46    0.1487        0.5825        0.0000       13.2138       13.2138      12.631256       0.60423
  45    0.1794        0.5825        0.0000       13.2115       13.2115      12.628997       0.62030
  44    0.2165        0.5825        0.0000       13.2089       13.2089      12.626378       0.59568
  43    0.2613        0.5825        0.0000       13.2059       13.2059      12.623397       0.56192
  42    0.3336        0.5825        0.0000       13.2013       13.2013      12.618834       0.53203
  41    0.4307        0.5825        0.0000       13.1960       13.1960      12.613466       0.46677
  40    0.5894        0.5825        0.0000       13.1883       13.1883      12.605780       0.40871
  39     1.339        0.5825        0.0000       13.1558       13.1558      12.573280       0.36589
  38     1.782        0.5825        0.0000       13.1372       13.1372      12.554712       0.35351
  37     2.292        0.5825        0.0000       13.1163       13.1163      12.533785       0.34661
  36     2.964        0.5825        0.0000       13.0896       13.0896      12.507051       0.33559
  35     3.853        0.5825        0.0000       13.0551       13.0551      12.472571       0.32722
  34     5.035        0.5825        0.0000       13.0108       13.0108      12.428286       0.31636
  33     6.613        0.5825        0.0000       12.9547       12.9547      12.372179       0.29995
  32     8.786        0.5825        0.0000       12.8836       12.8836      12.301046       0.27626
  31     11.80        0.5825        0.0000       12.7887       12.7887      12.206118       0.26577
  30     15.07        0.5825        0.0000       12.6945       12.6945      12.111977       0.24305
  29     18.79        0.5826        0.0000       12.6000       12.6000      12.017481       0.21425
  28     23.16        0.5826        0.0000       12.5087       12.5087      11.926172       0.17656
  27     28.12        0.5826        0.0000       12.4289       12.4289      11.846358       0.13568
  26     33.73        0.5826        0.0000       12.3651       12.3651      11.782482       0.09604
  25     40.54        0.5826        0.0000       12.3120       12.3120      11.729429       0.06582
  24     48.69        0.5826        0.0000       12.2669       12.2669      11.684242       0.04676
  23     57.69        0.5826        0.0000       12.2260       12.2260      11.643356       0.03832
  22     68.43        0.5827        0.0000       12.1802       12.1802      11.597572       0.03599
  21     81.20        0.5827        0.0000       12.1270       12.1270      11.544276       0.03522
  20     96.49        0.5827        0.0000       12.0639       12.0639      11.481156       0.03484
  19     114.6        0.5828        0.0000       11.9884       11.9884      11.405652       0.03526
  18     136.5        0.5828        0.0000       11.8986       11.8986      11.315763       0.03456
  17     162.9        0.5829        0.0000       11.7815       11.7815      11.198620       0.03744
  16     196.4        0.5831        0.0000       11.5927       11.5927      11.009644       0.04757
  15     218.7        0.5832        0.0000       11.4052       11.4052      10.821987       0.07125
  14     243.0        0.5834        0.0000       11.1040       11.1040      10.520598       0.10453
  13     269.0        0.5838        0.0000       10.6895       10.6895      10.105715       0.13459
  12     297.5        0.5843        0.0000       10.2193       10.2194       9.635021       0.13960
  11     328.5        0.5851        0.0000        9.8180        9.8181       9.232978       0.10931
  10     361.9        0.5861        0.0000        9.4308        9.4308       8.844718       0.09823
   9     398.1        0.5874        0.0000        8.9854        8.9855       8.398053       0.10406
   8     437.6        0.5891        0.0000        8.4653        8.4654       7.876237       0.11157
   7     480.5        0.5913        0.0000        7.9396        7.9397       7.348409       0.10366
   6     533.0        0.5945        0.0000        7.4266        7.4266       6.832113       0.08306
   5     589.8        0.5993        0.0000        7.0509        7.0509       6.451612       0.05648
   4     651.6        0.6078        0.0000        6.7319        6.7320       6.124188       0.04478
   3     718.7        0.6223        0.0000        6.3701        6.3702       5.747866       0.04729
   2     792.3        0.6488        0.0000        5.9181        5.9182       5.269350       0.05488
   1     891.5        0.7168        0.0000        5.2725        5.2726       4.555776       0.06072
   0    1013.0        0.9028        0.0000        4.5140        4.5140       3.611207       0.06559

  Modules and versions used in this calculation:

       rrtmg_sw.1col.f90:  $Revision: 32245 $            rrtmg_sw_init.f90:  $Revision: 30822 $
     rrtmgsw_cldprop.f90:  $Revision: 29812 $          rrtmgsw_cldprmc.f90:  NOT USED          
     rrtmg_sw_reftra.f90:  $Revision: 29812 $          rrtmg_sw_spcvrt.f90:  NOT USED          
     rrtmg_sw_spcvmc.f90:  NOT USED                    rrtmgsw_setcoef.f90:  NOT USED          
     rrtmg_sw_taumol.f90:  $Revision: 30822 $          rrtmg_sw_vrtqdr.f90:  NOT USED          
                rrtatm.f:  NOT USED                             util_xxx.f:  NOT USED          
                 extra.f:  NOT USED                       rrtmg_sw_k_g.f90:  $Revision: 30822 $

