

 Wavenumbers:   820. - 50000. cm-1, ATM      1
 LEVEL PRESSURE   UPWARD FLUX   DIFDOWN FLUX  DIRDOWN FLUX  DOWNWARD FLUX   NET FLUX    HEATING RATE
          mb          W/m2          W/m2          W/m2        W/m2          W/m2       degree/day
  51    .06700      375.6651        0.0000     1360.8519     1360.8519     985.186770       0.00000
  50    .07753      375.6647        0.0013     1360.8300     1360.8314     985.166667      16.11305
  49    .09103      375.6642        0.0030     1360.8105     1360.8136     985.149356      10.81965
  48    0.1069      375.6636        0.0050     1360.7888     1360.7937     985.130079      10.26109
  47    0.1255      375.6630        0.0072     1360.7628     1360.7700     985.106937      10.49163
  46    0.1487      375.6623        0.0100     1360.7277     1360.7377     985.075400      11.49558
  45    0.1794      375.6614        0.0138     1360.6764     1360.6902     985.028799      12.79316
  44    0.2165      375.6604        0.0183     1360.6105     1360.6288     984.968401      13.73937
  43    0.2613      375.6594        0.0237     1360.5253     1360.5490     984.889596      14.85452
  42    0.3336      375.6580        0.0325     1360.3713     1360.4038     984.745729      16.77347
  41    0.4307      375.6566        0.0441     1360.1505     1360.1946     984.538000      18.06154
  40    0.5894      375.6550        0.0629     1359.7549     1359.8177     984.162681      19.95898
  39     1.339      375.6635        0.1483     1357.3933     1357.5416     981.878053      25.72077
  38     1.782      375.6795        0.1963     1355.8678     1356.0641     980.384664      28.43171
  37     2.292      375.7078        0.2507     1354.1647     1354.4154     978.707628      27.77609
  36     2.964      375.7601        0.3213     1352.1835     1352.5048     976.744699      24.64069
  35     3.853      375.8502        0.4139     1350.0616     1350.4754     974.625255      20.11392
  34     5.035      375.9906        0.5361     1347.8939     1348.4300     972.439415      15.61473
  33     6.613      376.1896        0.6987     1345.6788     1346.3775     970.187859      12.03683
  32     8.786      376.4491        0.9169     1343.3920     1344.3089     967.859845       9.04116
  31     11.80      376.7842        1.2278     1340.8742     1342.1020     965.317762       7.11703
  30     15.07      377.1024        1.5605     1338.6932     1340.2538     963.151401       5.59312
  29     18.79      377.4247        1.9350     1336.5884     1338.5233     961.098632       4.65426
  28     23.16      377.7587        2.3710     1334.4488     1336.8198     959.061123       3.93988
  27     28.12      378.0903        2.8683     1332.2981     1335.1664     957.076042       3.37450
  26     33.73      378.3852        3.4243     1330.2068     1333.6311     955.245869       2.75171
  25     40.54      378.6508        4.0953     1327.9922     1332.0875     953.436725       2.24445
  24     48.69      378.8825        4.9028     1325.6098     1330.5126     951.630188       1.86948
  23     57.69      379.0493        5.7880     1323.2431     1329.0311     949.981808       1.54511
  22     68.43      379.1506        6.8401     1320.6711     1327.5112     948.360601       1.27449
  21     81.20      379.1312        8.0923     1317.9062     1325.9985     946.867301       0.98675
  20     96.49      378.9740        9.5811     1314.8774     1324.4585     945.484475       0.76322
  19     114.6      378.7263       11.3387     1311.4089     1322.7476     944.021345       0.68318
  18     136.5      378.3820       13.4043     1307.4143     1320.8185     942.436541       0.60939
  17     162.9      377.9250       15.8397     1302.7103     1318.5500     940.624957       0.57906
  16     196.4      377.2307       18.9647     1296.5420     1315.5067     938.275992       0.59126
  15     218.7      376.7416       20.9933     1291.9881     1312.9814     936.239855       0.77305
  14     243.0      376.2080       23.1770     1286.2986     1309.4756     933.267590       1.03088
  13     269.0      375.6560       25.5188     1279.1026     1304.6214     928.965344       1.39563
  12     297.5      365.9578      269.0501     1014.7006     1283.7507     917.792910       3.31362
  11     328.5      351.4537      404.0847      853.8058     1257.8905     906.436852       3.08768
  10     361.9      350.5065      403.4096      846.4165     1249.8260     899.319515       1.80076
   9     398.1      349.5184      402.6264      838.2967     1240.9231     891.404670       1.84398
   8     437.6      348.5219      401.5826      829.1689     1230.7515     882.229626       1.96168
   7     480.5      347.5603      400.2920      819.0711     1219.3631     871.802828       2.04778
   6     533.0      346.6203      398.5040      806.3560     1204.8600     858.239693       2.18188
   5     589.8      346.2039      396.2773      792.2719     1188.5493     842.345398       2.35923
   4     651.6      263.9958      660.9302      415.1536     1076.0838     812.087965       4.13779
   3     718.7      181.3131      588.7745      379.8777      968.6522     787.339058       3.11025
   2     792.3      178.9380      577.0479      369.8330      946.8809     767.942902       2.22452
   1     891.5      176.6017      561.1333      356.2310      917.3643     740.762688       2.31291
   0    1013.0      176.6103      542.5413      340.5101      883.0514     706.441084       2.38313

  Modules and versions used in this calculation:

       rrtmg_sw.1col.f90:  $Revision: 32105 $            rrtmg_sw_init.f90:  $Revision: 30822 $
     rrtmgsw_cldprop.f90:  NOT USED                    rrtmgsw_cldprmc.f90:  $Revision: 29812 $
     rrtmg_sw_reftra.f90:  $Revision: 29812 $          rrtmg_sw_spcvrt.f90:  NOT USED          
     rrtmg_sw_spcvmc.f90:  NOT USED                    rrtmgsw_setcoef.f90:  NOT USED          
     rrtmg_sw_taumol.f90:  $Revision: 30822 $          rrtmg_sw_vrtqdr.f90:  NOT USED          
                rrtatm.f:  NOT USED                             util_xxx.f:  NOT USED          
                 extra.f:  NOT USED                       rrtmg_sw_k_g.f90:  $Revision: 30822 $

