

 Wavenumbers:   820. - 50000. cm-1, ATM      1
 LEVEL PRESSURE   UPWARD FLUX   DIFDOWN FLUX  DIRDOWN FLUX  DOWNWARD FLUX   NET FLUX    HEATING RATE
          mb          W/m2          W/m2          W/m2        W/m2          W/m2       degree/day
  60   .000300      232.7670        0.0000     1360.8519     1360.8519    1128.084854       0.00000
  59    0.1000      232.7618        0.0112     1360.7344     1360.7455    1127.983711       8.56130
  58    0.1403      232.7599        0.0157     1360.6755     1360.6912    1127.931234      10.98910
  57    0.1968      232.7575        0.0220     1360.5781     1360.6001    1127.842644      13.23236
  56    0.2760      232.7544        0.0307     1360.4194     1360.4501    1127.695732      15.65416
  55    0.3871      232.7505        0.0430     1360.1678     1360.2108    1127.460273      17.88546
  54    0.5430      232.7458        0.0599     1359.7732     1359.8331    1127.087329      20.18810
  53    0.7617      232.7407        0.0832     1359.1348     1359.2180    1126.477293      23.53993
  52     1.069      232.7364        0.1152     1358.1162     1358.2314    1125.494996      27.02003
  51     1.499      232.7355        0.1582     1356.5941     1356.7523    1124.016788      28.99097
  50     2.102      232.7440        0.2160     1354.4984     1354.7144    1121.970337      28.61216
  49     2.949      232.7736        0.2965     1351.9246     1352.2212    1119.447560      25.14775
  48     4.137      232.8385        0.4085     1349.2298     1349.6383    1116.799818      18.81499
  47     5.803      232.9465        0.5638     1346.5563     1347.1201    1114.173597      13.30396
  46     8.139      233.0946        0.7800     1343.8731     1344.6531    1111.558522       9.44451
  45     11.42      233.2713        1.0811     1341.1193     1342.2005    1108.929205       6.76954
  44     16.01      233.4700        1.4997     1338.1570     1339.6567    1106.186672       5.03396
  43     22.46      233.6832        2.0824     1334.8434     1336.9258    1103.242649       3.85236
  42     31.51      233.8628        2.8944     1331.1532     1334.0475    1100.184694       2.85265
  41     44.20      233.9102        4.0289     1327.0781     1331.1070    1097.196852       1.98703
  40     62.00      233.7516        5.5992     1322.3988     1327.9980    1094.246420       1.39884
  39     85.78      233.2363        7.6799     1317.1947     1324.8747    1091.638403       0.92574
  38     109.6      232.5464        9.7723     1312.4232     1322.1955    1089.649043       0.70614
  37     133.1      231.8310       11.7576     1308.0168     1319.7744    1087.943383       0.61252
  36     156.8      231.1051       13.6625     1303.8425     1317.5049    1086.399830       0.54735
  35     180.6      230.2932       15.6607     1299.4616     1315.1223    1084.829092       0.55764
  34     202.8      229.4714       17.5610     1295.0783     1312.6393    1083.167902       0.63072
  33     228.4      228.6102       19.4736     1290.1863     1309.6599    1081.049766       0.69885
  32     252.2      227.7306       21.3648     1284.7617     1306.1266    1078.395927       0.94200
  31     276.0      226.8458       23.2087     1278.7385     1301.9472    1075.101425       1.16941
  30     299.8      225.9414       25.0416     1271.8129     1296.8546    1070.913188       1.48665
  29     323.5      225.0277       26.8524     1264.1308     1290.9832    1065.955480       1.75978
  28     347.3      224.1165       28.6216     1255.9942     1284.6157    1060.499262       1.93673
  27     371.1      223.2117       30.3439     1247.7338     1278.0777    1054.865931       1.99960
  26     394.9      222.2907       32.0654     1239.0753     1271.1407    1048.849990       2.13541
  25     418.6      221.3700       33.7580     1230.1375     1263.8955    1042.525434       2.24496
  24     442.4      220.4497       35.4245     1220.8752     1256.2996    1035.849894       2.36954
  23     466.2      219.5273       37.0708     1211.4121     1248.4830    1028.955647       2.44717
  22     490.0      218.6172       38.6748     1201.9252     1240.6000    1021.982753       2.47509
  21     513.7      217.7063       40.2645     1192.2475     1232.5120    1014.805699       2.54756
  20     537.5      216.8110       41.8158     1182.5349     1224.3507    1007.539704       2.57913
  19     561.3      215.9325       43.3320     1172.7859     1216.1180    1000.185475       2.61045
  18     585.1      215.0529       44.8462     1162.9093     1207.7555     992.702549       2.65613
  17     608.8      214.1942       46.3227     1153.1806     1199.5033     985.309175       2.62434
  16     632.6      213.3587       47.7629     1143.5811     1191.3440     977.985289       2.59968
  15     656.4      212.5349       49.1962     1133.8120     1183.0081     970.473244       2.66647
  14     680.2      211.7470       50.5938     1123.9840     1174.5778     962.830797       2.71275
  13     703.9      211.0011       51.9568     1114.1133     1166.0701     955.068981       2.75512
  12     727.7      210.2953       53.3056     1104.0487     1157.3543     947.059014       2.84321
  11     751.5      209.6466       54.6393     1093.6851     1148.3244     938.677837       2.97497
  10     775.3      209.0791       55.9415     1083.1557     1139.0972     930.018123       3.07384
   9     799.0      208.6115       57.2122     1072.4685     1129.6807     921.069255       3.17648
   8     822.8      208.2443       58.4726     1061.6524     1120.1250     911.880695       3.26156
   7     846.6      207.9625       59.7099     1051.2543     1110.9642     903.001756       3.15166
   6     870.4      207.7792       60.9181     1041.2606     1102.1787     894.399482       3.05345
   5     894.1      207.7124       62.0979     1031.5921     1093.6900     885.977601       2.98942
   4     917.9      207.7891       63.2622     1022.0923     1085.3545     877.565412       2.98598
   3     941.7      208.0558       64.4070     1012.7241     1077.1311     869.075322       3.01363
   2     965.5      208.5668       65.5238     1003.5420     1069.0658     860.498994       3.04424
   1     989.2      209.3997       66.6133      994.5452     1061.1585     851.758752       3.10177
   0    1013.0      210.6790       67.6761      985.7191     1053.3952     842.716148       3.21043

  Modules and versions used in this calculation:

       rrtmg_sw.1col.f90:  $Revision: 32245 $            rrtmg_sw_init.f90:  $Revision: 30822 $
     rrtmgsw_cldprop.f90:  $Revision: 29812 $          rrtmgsw_cldprmc.f90:  NOT USED          
     rrtmg_sw_reftra.f90:  $Revision: 29812 $          rrtmg_sw_spcvrt.f90:  NOT USED          
     rrtmg_sw_spcvmc.f90:  NOT USED                    rrtmgsw_setcoef.f90:  NOT USED          
     rrtmg_sw_taumol.f90:  $Revision: 30822 $          rrtmg_sw_vrtqdr.f90:  NOT USED          
                rrtatm.f:  NOT USED                             util_xxx.f:  NOT USED          
                 extra.f:  NOT USED                       rrtmg_sw_k_g.f90:  $Revision: 30822 $

