

 Wavenumbers:   820. - 50000. cm-1, ATM      1
 LEVEL PRESSURE   UPWARD FLUX   DIFDOWN FLUX  DIRDOWN FLUX  DOWNWARD FLUX   NET FLUX    HEATING RATE
          mb          W/m2          W/m2          W/m2        W/m2          W/m2       degree/day
  51    .06700      509.8881        0.0000     1360.8519     1360.8519     850.963775       0.00000
  50    .07753      509.8878        0.0014     1360.8300     1360.8315     850.943645      16.13454
  49    .09103      509.8875        0.0033     1360.8105     1360.8138     850.926296      10.84376
  48    0.1069      509.8871        0.0054     1360.7888     1360.7941     850.906968      10.28831
  47    0.1255      509.8868        0.0078     1360.7628     1360.7705     850.883758      10.52240
  46    0.1487      509.8864        0.0108     1360.7277     1360.7385     850.852122      11.53179
  45    0.1794      509.8860        0.0149     1360.6764     1360.6913     850.805366      12.83558
  44    0.2165      509.8856        0.0198     1360.6105     1360.6303     850.744760      13.78687
  43    0.2613      509.8853        0.0256     1360.5253     1360.5510     850.665672      14.90777
  42    0.3336      509.8852        0.0351     1360.3713     1360.4064     850.521269      16.83597
  41    0.4307      509.8855        0.0477     1360.1505     1360.1982     850.312733      18.13173
  40    0.5894      509.8870        0.0681     1359.7549     1359.8229     849.935875      20.04079
  39     1.339      509.9143        0.1610     1357.3933     1357.5543     847.639930      25.84818
  38     1.782      509.9442        0.2134     1355.8678     1356.0812     846.136951      28.61430
  37     2.292      509.9915        0.2728     1354.1647     1354.4376     844.446089      28.00508
  36     2.964      510.0728        0.3501     1352.1835     1352.5336     842.460831      24.92099
  35     3.853      510.2070        0.4515     1350.0616     1350.5130     840.306007      20.44967
  34     5.035      510.4120        0.5854     1347.8939     1348.4793     838.067364      15.99194
  33     6.613      510.7002        0.7636     1345.6788     1346.4424     835.742233      12.43015
  32     8.786      511.0770        1.0029     1343.3920     1344.3950     833.318001       9.41484
  31     11.80      511.5689        1.3441     1340.8742     1342.2183     830.649369       7.47133
  30     15.07      512.0426        1.7093     1338.6932     1340.4026     828.360000       5.91071
  29     18.79      512.5292        2.1206     1336.5884     1338.7090     826.179760       4.94328
  28     23.16      513.0420        2.5998     1334.4488     1337.0485     824.006569       4.20225
  27     28.12      513.5627        3.1465     1332.2981     1335.4445     821.881834       3.61191
  26     33.73      514.0466        3.7580     1330.2068     1333.9648     819.918245       2.95231
  25     40.54      514.5138        4.4963     1327.9922     1332.4886     817.974726       2.41115
  24     48.69      514.9630        5.3853     1325.6098     1330.9952     816.032230       2.01018
  23     57.69      515.3437        6.3605     1323.2431     1329.6036     814.259935       1.66126
  22     68.43      515.6723        7.5201     1320.6711     1328.1913     812.519011       1.36860
  21     81.20      515.8849        8.9012     1317.9062     1326.8074     810.922471       1.05497
  20     96.49      515.9682       10.5445     1314.8774     1325.4219     809.453656       0.81068
  19     114.6      515.9907       12.4863     1311.4089     1323.8952     807.904496       0.72335
  18     136.5      515.9557       14.7711     1307.4143     1322.1853     806.229657       0.64402
  17     162.9      515.8586       17.4687     1302.7103     1320.1790     804.320397       0.61028
  16     196.4      515.6116       20.9360     1296.5420     1317.4780     801.866389       0.61770
  15     218.7      515.4165       23.1906     1291.9881     1315.1787     799.762150       0.79890
  14     243.0      515.2187       25.6208     1286.2986     1311.9194     796.700750       1.06180
  13     269.0      515.0748       28.2310     1279.1026     1307.3335     792.258690       1.44098
  12     297.5      507.0024      516.0965      766.1749     1282.2715     775.269106       5.03893
  11     328.5      489.6070      789.7507      458.5462     1248.2969     758.689881       4.50784
  10     361.9      488.9933      785.9130      454.5954     1240.5084     751.515072       1.81530
   9     398.1      488.4111      781.6932      450.2593     1231.9525     743.541358       1.85770
   8     437.6      487.9284      776.7945      445.3910     1222.1855     734.257075       1.98504
   7     480.5      487.6360      771.2619      440.0074     1211.2693     723.633308       2.08647
   6     533.0      487.7674      764.1604      433.2231     1197.3834     709.616022       2.25494
   5     589.8      489.0648      756.0511      425.6922     1181.7433     692.678558       2.51407
   4     651.6      311.0711      931.4892       31.9108      963.4000     652.328943       5.51792
   3     718.7      147.9406      768.7320        3.8862      772.6182     624.677624       3.47500
   2     792.3      145.3376      750.8388        3.7851      754.6239     609.286303       1.76521
   1     891.5      142.3788      726.7083        3.6487      730.3571     587.978255       1.81321
   0    1013.0      140.4418      698.7184        3.4907      702.2091     561.767269       1.81996

  Modules and versions used in this calculation:

       rrtmg_sw.1col.f90:  $Revision: 32245 $            rrtmg_sw_init.f90:  $Revision: 30822 $
     rrtmgsw_cldprop.f90:  $Revision: 29812 $          rrtmgsw_cldprmc.f90:  NOT USED          
     rrtmg_sw_reftra.f90:  $Revision: 29812 $          rrtmg_sw_spcvrt.f90:  NOT USED          
     rrtmg_sw_spcvmc.f90:  NOT USED                    rrtmgsw_setcoef.f90:  NOT USED          
     rrtmg_sw_taumol.f90:  $Revision: 30822 $          rrtmg_sw_vrtqdr.f90:  NOT USED          
                rrtatm.f:  NOT USED                             util_xxx.f:  NOT USED          
                 extra.f:  NOT USED                       rrtmg_sw_k_g.f90:  $Revision: 30822 $

