

 Wavenumbers:   820. - 50000. cm-1, ATM      1
 LEVEL PRESSURE   UPWARD FLUX   DIFDOWN FLUX  DIRDOWN FLUX  DOWNWARD FLUX   NET FLUX    HEATING RATE
          mb          W/m2          W/m2          W/m2        W/m2          W/m2       degree/day
  47   .000061      176.8335        0.0000      962.6680      962.6680     785.834524       0.00000
  46   .000117      176.8335        0.0000      962.6679      962.6679     785.834429      14.39441
  45   .000258      176.8335        0.0000      962.6675      962.6675     785.834054      22.45730
  44   .000625      176.8335        0.0001      962.6665      962.6665     785.833068      22.65927
  43   .001640      176.8334        0.0002      962.6641      962.6643     785.830895      18.06783
  42   .004480      176.8332        0.0005      962.6585      962.6590     785.825726      15.36043
  41    .01200      176.8328        0.0013      962.6486      962.6499     785.817135       9.64109
  40    .03000      176.8317        0.0032      962.6335      962.6366     785.804950       5.71277
  39    .06700      176.8294        0.0071      962.6020      962.6090     785.779602       5.78148
  38    0.1390      176.8254        0.0147      962.5166      962.5313     785.705947       8.63309
  37    0.2720      176.8185        0.0287      962.2904      962.3191     785.500626      13.02810
  36    0.5150      176.8076        0.0538      961.7641      961.8179     785.010326      17.02762
  35    0.9510      176.7918        0.0975      960.5948      960.6923     783.900511      21.48140
  34     1.290      176.7828        0.1300      959.5959      959.7259     782.943093      23.83420
  33     1.760      176.7748        0.1733      958.2399      958.4132     781.638340      23.42766
  32     2.410      176.7717        0.2322      956.5413      956.7735     780.001760      21.24821
  31     3.330      176.7814        0.3139      954.6220      954.9359     778.154507      16.94482
  30     4.640      176.8133        0.4287      952.5644      952.9931     776.179798      12.72126
  29     6.520      176.8723        0.5919      950.3655      950.9574     774.085146       9.40270
  28     9.300      176.9524        0.8270      948.0126      948.8397     771.887269       6.67202
  27     13.20      177.0392        1.1670      945.4364      946.6035     769.564282       5.02667
  26     19.07      177.1193        1.6607      942.4793      944.1400     767.020758       3.65676
  25     27.70      177.1634        2.3817      938.9982      941.3799     764.216508       2.74223
  24     32.20      177.1513        2.7559      937.4576      940.2135     763.062163       2.16482
  23     37.60      177.1054        3.1925      935.8394      939.0319     761.926557       1.77473
  22     43.70      177.0224        3.7014      934.1103      937.8117     760.789248       1.57343
  21     51.00      176.8934        4.2943      932.2530      936.5474     759.653943       1.31247
  20     59.50      176.7082        4.9860      930.2410      935.2271     758.518829       1.12699
  19     69.50      176.4484        5.7929      928.0648      933.8577     757.409299       0.93635
  18     81.20      176.0859        6.7356      925.7292      932.4648     756.378945       0.74319
  17     95.00      175.6069        7.8358      923.1812      931.0170     755.410090       0.59249
  16     111.0      175.0217        9.1130      920.3001      929.4131     754.391438       0.53728
  15     130.0      174.3172       10.5783      917.0322      927.6106     753.293369       0.48772
  14     153.0      173.4738       12.2787      913.2764      925.5551     752.081337       0.44472
  13     179.0      172.4566       14.2385      908.9344      923.1729     750.716301       0.44307
  12     209.0      171.2536       16.4476      903.6731      920.1207     748.867072       0.52020
  11     243.0      169.8733       18.8872      896.7460      915.6333     745.759997       0.77121
  10     281.0      168.3027       21.5624      887.1599      908.7223     740.419618       1.18601
   9     324.0      166.5303       24.4751      875.2584      899.7335     733.203196       1.41629
   8     372.0      164.5441       27.6239      861.9745      889.5984     725.054334       1.43270
   7     426.0      162.3319       31.0033      846.6218      877.6250     715.293154       1.52548
   6     487.0      159.8826       34.6050      828.9827      863.5877     703.705084       1.60317
   5     554.0      157.1934       38.4154      809.3343      847.7497     690.556286       1.65619
   4     628.0      154.3016       42.4057      786.7189      829.1247     674.823087       1.79425
   3     710.0      151.2992       46.5369      760.9205      807.4573     656.158183       1.92092
   2     802.0      148.3998       50.7669      732.3182      783.0850     634.685281       1.96971
   1     902.0      146.0892       55.0466      701.2834      756.3300     610.240861       2.06290
   0    1013.0      145.6358       59.3261      668.8529      728.1790     582.543180       2.10581



 Wavenumbers:  2600. -  3250. cm-1, ATM      1
 LEVEL PRESSURE   UPWARD FLUX   DIFDOWN FLUX  DIRDOWN FLUX  DOWNWARD FLUX   NET FLUX    HEATING RATE
          mb          W/m2          W/m2          W/m2        W/m2          W/m2       degree/day
  47   .000061        0.5334        0.0000        8.4843        8.4843       7.950894       0.00000
  46   .000117        0.5334        0.0000        8.4843        8.4843       7.950894       0.00457
  45   .000258        0.5334        0.0000        8.4843        8.4843       7.950893       0.00494
  44   .000625        0.5334        0.0000        8.4843        8.4843       7.950893       0.00533
  43   .001640        0.5334        0.0000        8.4843        8.4843       7.950893       0.00568
  42   .004480        0.5334        0.0000        8.4843        8.4843       7.950891       0.00605
  41    .01200        0.5334        0.0000        8.4843        8.4843       7.950885       0.00615
  40    .03000        0.5334        0.0000        8.4843        8.4843       7.950872       0.00604
  39    .06700        0.5334        0.0000        8.4842        8.4842       7.950845       0.00615
  38    0.1390        0.5334        0.0000        8.4842        8.4842       7.950793       0.00611
  37    0.2720        0.5334        0.0000        8.4841        8.4841       7.950697       0.00610
  36    0.5150        0.5334        0.0000        8.4839        8.4839       7.950518       0.00620
  35    0.9510        0.5334        0.0000        8.4835        8.4835       7.950150       0.00713
  34     1.290        0.5334        0.0000        8.4832        8.4832       7.949803       0.00864
  33     1.760        0.5334        0.0000        8.4826        8.4826       7.949228       0.01033
  32     2.410        0.5334        0.0000        8.4817        8.4817       7.948284       0.01225
  31     3.330        0.5334        0.0000        8.4802        8.4802       7.946771       0.01388
  30     4.640        0.5334        0.0000        8.4778        8.4778       7.944400       0.01527
  29     6.520        0.5334        0.0000        8.4742        8.4742       7.940786       0.01622
  28     9.300        0.5334        0.0000        8.4689        8.4689       7.935468       0.01614
  27     13.20        0.5334        0.0000        8.4614        8.4614       7.928024       0.01611
  26     19.07        0.5334        0.0000        8.4517        8.4517       7.918328       0.01394
  25     27.70        0.5334        0.0000        8.4399        8.4399       7.906473       0.01159
  24     32.20        0.5334        0.0000        8.4342        8.4342       7.900848       0.01055
  23     37.60        0.5334        0.0000        8.4276        8.4276       7.894239       0.01033
  22     43.70        0.5334        0.0000        8.4197        8.4197       7.886312       0.01097
  21     51.00        0.5334        0.0000        8.4099        8.4099       7.876536       0.01130
  20     59.50        0.5334        0.0000        8.3976        8.3976       7.864225       0.01222
  19     69.50        0.5334        0.0000        8.3820        8.3820       7.848635       0.01316
  18     81.20        0.5334        0.0000        8.3624        8.3624       7.829002       0.01416
  17     95.00        0.5334        0.0000        8.3380        8.3381       7.804637       0.01490
  16     111.0        0.5335        0.0000        8.3076        8.3076       7.774152       0.01608
  15     130.0        0.5335        0.0001        8.2713        8.2713       7.737838       0.01613
  14     153.0        0.5335        0.0001        8.2286        8.2287       7.695166       0.01566
  13     179.0        0.5336        0.0001        8.1796        8.1797       7.646065       0.01594
  12     209.0        0.5337        0.0001        8.1230        8.1231       7.589389       0.01594
  11     243.0        0.5340        0.0001        8.0509        8.0510       7.517049       0.01796
  10     281.0        0.5344        0.0001        7.9535        7.9536       7.419201       0.02173
   9     324.0        0.5352        0.0001        7.8312        7.8313       7.296078       0.02416
   8     372.0        0.5365        0.0001        7.6847        7.6848       7.148377       0.02597
   7     426.0        0.5384        0.0001        7.4932        7.4934       6.954949       0.03023
   6     487.0        0.5414        0.0002        7.2269        7.2270       6.685610       0.03726
   5     554.0        0.5461        0.0002        6.8713        6.8715       6.325361       0.04538
   4     628.0        0.5543        0.0002        6.3997        6.3999       5.845624       0.05471
   3     710.0        0.5685        0.0002        5.8527        5.8529       5.284387       0.05776
   2     802.0        0.5951        0.0002        5.2417        5.2419       4.646831       0.05848
   1     902.0        0.6482        0.0002        4.5568        4.5570       3.908808       0.06228
   0    1013.0        0.7699        0.0002        3.8492        3.8493       3.079477       0.06305



 Wavenumbers:  3250. -  4000. cm-1, ATM      1
 LEVEL PRESSURE   UPWARD FLUX   DIFDOWN FLUX  DIRDOWN FLUX  DOWNWARD FLUX   NET FLUX    HEATING RATE
          mb          W/m2          W/m2          W/m2        W/m2          W/m2       degree/day
  47   .000061        0.0007        0.0000       14.3023       14.3023      14.301646       0.00000
  46   .000117        0.0007        0.0000       14.3023       14.3023      14.301637       1.29579
  45   .000258        0.0007        0.0000       14.3023       14.3023      14.301600       2.24470
  44   .000625        0.0007        0.0000       14.3021       14.3021      14.301453       3.36326
  43   .001640        0.0007        0.0000       14.3016       14.3016      14.300971       4.00890
  42   .004480        0.0007        0.0000       14.3003       14.3003      14.299644       3.94361
  41    .01200        0.0007        0.0000       14.2974       14.2974      14.296759       3.23770
  40    .03000        0.0007        0.0000       14.2930       14.2930      14.292291       2.09484
  39    .06700        0.0007        0.0000       14.2875       14.2875      14.286841       1.24311
  38    0.1390        0.0007        0.0000       14.2799       14.2799      14.279227       0.89236
  37    0.2720        0.0007        0.0000       14.2689       14.2689      14.268224       0.69821
  36    0.5150        0.0007        0.0000       14.2547       14.2547      14.254032       0.49285
  35    0.9510        0.0007        0.0000       14.2350       14.2350      14.234333       0.38130
  34     1.290        0.0007        0.0000       14.2218       14.2218      14.221104       0.32933
  33     1.760        0.0007        0.0000       14.2060       14.2061      14.205392       0.28211
  32     2.410        0.0007        0.0000       14.1878       14.1878      14.187139       0.23699
  31     3.330        0.0007        0.0000       14.1664       14.1664      14.165740       0.19629
  30     4.640        0.0007        0.0000       14.1402       14.1403      14.139596       0.16842
  29     6.520        0.0007        0.0000       14.1057       14.1058      14.105104       0.15483
  28     9.300        0.0006        0.0000       14.0560       14.0560      14.055315       0.15114
  27     13.20        0.0006        0.0000       13.9802       13.9802      13.979541       0.16397
  26     19.07        0.0006        0.0000       13.8636       13.8636      13.862990       0.16756
  25     27.70        0.0006        0.0000       13.6875       13.6875      13.686868       0.17223
  24     32.20        0.0006        0.0000       13.5974       13.5974      13.596818       0.16888
  23     37.60        0.0006        0.0001       13.4964       13.4964      13.495833       0.15782
  22     43.70        0.0006        0.0001       13.3855       13.3855      13.384918       0.15345
  21     51.00        0.0006        0.0001       13.2664       13.2664      13.265852       0.13765
  20     59.50        0.0006        0.0001       13.1395       13.1396      13.138985       0.12596
  19     69.50        0.0006        0.0001       13.0039       13.0040      13.003433       0.11439
  18     81.20        0.0006        0.0001       12.8547       12.8548      12.854251       0.10760
  17     95.00        0.0005        0.0001       12.6860       12.6861      12.685568       0.10315
  16     111.0        0.0005        0.0001       12.4840       12.4841      12.483612       0.10652
  15     130.0        0.0005        0.0002       12.2546       12.2547      12.254225       0.10189
  14     153.0        0.0005        0.0002       11.9877       11.9879      11.987453       0.09788
  13     179.0        0.0004        0.0002       11.6648       11.6650      11.664553       0.10481
  12     209.0        0.0004        0.0002       11.1678       11.1680      11.167617       0.13979
  11     243.0        0.0004        0.0003       10.3838       10.3840      10.383665       0.19458
  10     281.0        0.0003        0.0003        9.2414        9.2416       9.241300       0.25370
   9     324.0        0.0003        0.0003        7.9734        7.9737       7.973353       0.24885
   8     372.0        0.0003        0.0002        6.7347        6.7349       6.734614       0.21779
   7     426.0        0.0003        0.0002        5.5372        5.5374       5.537154       0.18714
   6     487.0        0.0002        0.0002        4.4778        4.4780       4.477799       0.14656
   5     554.0        0.0002        0.0002        3.5193        3.5194       3.519185       0.12074
   4     628.0        0.0003        0.0001        2.5828        2.5829       2.582672       0.10680
   3     710.0        0.0003        0.0001        1.6742        1.6743       1.673937       0.09352
   2     802.0        0.0006        0.0001        0.9010        0.9011       0.900461       0.07095
   1     902.0        0.0020        0.0000        0.3653        0.3653       0.363331       0.04533
   0    1013.0        0.0163        0.0000        0.0816        0.0816       0.065246       0.02266



 Wavenumbers:  4000. -  4650. cm-1, ATM      1
 LEVEL PRESSURE   UPWARD FLUX   DIFDOWN FLUX  DIRDOWN FLUX  DOWNWARD FLUX   NET FLUX    HEATING RATE
          mb          W/m2          W/m2          W/m2        W/m2          W/m2       degree/day
  47   .000061        2.0236        0.0000       16.7942       16.7942      14.770619       0.00000
  46   .000117        2.0236        0.0000       16.7942       16.7942      14.770619       0.00058
  45   .000258        2.0236        0.0000       16.7942       16.7942      14.770619       0.00062
  44   .000625        2.0236        0.0000       16.7942       16.7942      14.770619       0.00067
  43   .001640        2.0236        0.0000       16.7942       16.7942      14.770619       0.00071
  42   .004480        2.0236        0.0000       16.7942       16.7942      14.770619       0.00075
  41    .01200        2.0236        0.0000       16.7942       16.7942      14.770618       0.00077
  40    .03000        2.0236        0.0000       16.7942       16.7942      14.770617       0.00075
  39    .06700        2.0236        0.0000       16.7942       16.7942      14.770613       0.00077
  38    0.1390        2.0236        0.0000       16.7942       16.7942      14.770607       0.00076
  37    0.2720        2.0236        0.0000       16.7942       16.7942      14.770595       0.00076
  36    0.5150        2.0236        0.0000       16.7942       16.7942      14.770572       0.00078
  35    0.9510        2.0236        0.0000       16.7941       16.7941      14.770526       0.00089
  34     1.290        2.0236        0.0000       16.7941       16.7941      14.770483       0.00109
  33     1.760        2.0236        0.0000       16.7940       16.7940      14.770409       0.00131
  32     2.410        2.0236        0.0000       16.7939       16.7939      14.770287       0.00158
  31     3.330        2.0236        0.0000       16.7937       16.7937      14.770086       0.00184
  30     4.640        2.0236        0.0000       16.7933       16.7933      14.769759       0.00211
  29     6.520        2.0236        0.0000       16.7928       16.7928      14.769227       0.00239
  28     9.300        2.0236        0.0000       16.7919       16.7919      14.768361       0.00263
  27     13.20        2.0236        0.0001       16.7905       16.7905      14.766945       0.00307
  26     19.07        2.0235        0.0001       16.7881       16.7882      14.764621       0.00334
  25     27.70        2.0235        0.0001       16.7842       16.7843      14.760804       0.00373
  24     32.20        2.0235        0.0001       16.7820       16.7821      14.758592       0.00415
  23     37.60        2.0235        0.0001       16.7791       16.7792      14.755726       0.00448
  22     43.70        2.0235        0.0002       16.7754       16.7756      14.752051       0.00508
  21     51.00        2.0235        0.0002       16.7707       16.7709      14.747393       0.00539
  20     59.50        2.0235        0.0002       16.7648       16.7651      14.741577       0.00577
  19     69.50        2.0235        0.0003       16.7576       16.7579      14.734435       0.00603
  18     81.20        2.0235        0.0003       16.7490       16.7493      14.725782       0.00624
  17     95.00        2.0235        0.0004       16.7385       16.7389      14.715403       0.00635
  16     111.0        2.0235        0.0004       16.7257       16.7261      14.702599       0.00675
  15     130.0        2.0236        0.0005       16.7105       16.7110      14.687387       0.00676
  14     153.0        2.0237        0.0006       16.6923       16.6929      14.669148       0.00669
  13     179.0        2.0239        0.0007       16.6702       16.6709      14.647002       0.00719
  12     209.0        2.0242        0.0008       16.6422       16.6430      14.618853       0.00792
  11     243.0        2.0247        0.0010       16.6014       16.6024      14.577693       0.01022
  10     281.0        2.0257        0.0011       16.5362       16.5373      14.511564       0.01469
   9     324.0        2.0275        0.0013       16.4418       16.4431      14.415566       0.01884
   8     372.0        2.0302        0.0014       16.3105       16.3120      14.281749       0.02353
   7     426.0        2.0339        0.0016       16.1168       16.1184      14.084494       0.03083
   6     487.0        2.0391        0.0018       15.8445       15.8463      13.807214       0.03836
   5     554.0        2.0465        0.0020       15.5038       15.5058      13.459255       0.04383
   4     628.0        2.0584        0.0022       15.0887       15.0909      13.032497       0.04867
   3     710.0        2.0792        0.0024       14.5508       14.5533      12.474095       0.05747
   2     802.0        2.1182        0.0026       13.7836       13.7862      11.667971       0.07395
   1     902.0        2.1960        0.0027       12.8206       12.8233      10.627374       0.08782
   0    1013.0        2.3680        0.0028       11.8370       11.8398       9.471863       0.08785



 Wavenumbers:  4650. -  5150. cm-1, ATM      1
 LEVEL PRESSURE   UPWARD FLUX   DIFDOWN FLUX  DIRDOWN FLUX  DOWNWARD FLUX   NET FLUX    HEATING RATE
          mb          W/m2          W/m2          W/m2        W/m2          W/m2       degree/day
  47   .000061        1.4729        0.0000       15.8951       15.8951      14.422223       0.00000
  46   .000117        1.4729        0.0000       15.8951       15.8951      14.422223       0.04731
  45   .000258        1.4729        0.0000       15.8951       15.8951      14.422222       0.08270
  44   .000625        1.4729        0.0000       15.8951       15.8951      14.422216       0.12510
  43   .001640        1.4729        0.0000       15.8951       15.8951      14.422198       0.15299
  42   .004480        1.4729        0.0000       15.8950       15.8950      14.422143       0.16341
  41    .01200        1.4729        0.0000       15.8949       15.8949      14.421995       0.16587
  40    .03000        1.4729        0.0000       15.8945       15.8945      14.421644       0.16464
  39    .06700        1.4729        0.0000       15.8938       15.8938      14.420911       0.16724
  38    0.1390        1.4729        0.0000       15.8924       15.8924      14.419509       0.16432
  37    0.2720        1.4729        0.0000       15.8899       15.8899      14.416973       0.16087
  36    0.5150        1.4729        0.0000       15.8854       15.8854      14.412565       0.15310
  35    0.9510        1.4729        0.0000       15.8780       15.8780      14.405165       0.14322
  34     1.290        1.4729        0.0000       15.8728       15.8728      14.399888       0.13138
  33     1.760        1.4729        0.0000       15.8661       15.8661      14.393208       0.11994
  32     2.410        1.4729        0.0000       15.8578       15.8578      14.384927       0.10751
  31     3.330        1.4729        0.0000       15.8478       15.8479      14.374998       0.09108
  30     4.640        1.4729        0.0000       15.8364       15.8365      14.363598       0.07344
  29     6.520        1.4729        0.0000       15.8240       15.8240      14.351155       0.05586
  28     9.300        1.4729        0.0001       15.8107       15.8107      14.337888       0.04027
  27     13.20        1.4728        0.0001       15.7958       15.7959      14.323067       0.03207
  26     19.07        1.4728        0.0001       15.7762       15.7763      14.303494       0.02814
  25     27.70        1.4728        0.0002       15.7449       15.7451      14.272241       0.03056
  24     32.20        1.4728        0.0002       15.7268       15.7270      14.254131       0.03396
  23     37.60        1.4728        0.0002       15.7040       15.7043      14.231437       0.03547
  22     43.70        1.4728        0.0003       15.6756       15.6759      14.203032       0.03930
  21     51.00        1.4729        0.0003       15.6403       15.6406      14.167728       0.04081
  20     59.50        1.4729        0.0004       15.5967       15.5970      14.124139       0.04328
  19     69.50        1.4730        0.0004       15.5433       15.5438      14.070795       0.04502
  18     81.20        1.4730        0.0005       15.4791       15.4795      14.006495       0.04638
  17     95.00        1.4732        0.0006       15.4029       15.4035      13.930324       0.04658
  16     111.0        1.4733        0.0006       15.3147       15.3154      13.842030       0.04657
  15     130.0        1.4736        0.0008       15.2149       15.2156      13.742042       0.04441
  14     153.0        1.4739        0.0009       15.1038       15.1047      13.630784       0.04082
  13     179.0        1.4744        0.0010       14.9831       14.9841      13.509703       0.03930
  12     209.0        1.4750        0.0012       14.8552       14.8564      13.381337       0.03611
  11     243.0        1.4760        0.0014       14.7190       14.7204      13.244397       0.03399
  10     281.0        1.4776        0.0015       14.5656       14.5672      13.089605       0.03438
   9     324.0        1.4801        0.0018       14.3836       14.3854      12.905258       0.03618
   8     372.0        1.4839        0.0020       14.1649       14.1669      12.683048       0.03907
   7     426.0        1.4893        0.0022       13.8935       13.8958      12.406419       0.04323
   6     487.0        1.4973        0.0025       13.5502       13.5526      12.055310       0.04857
   5     554.0        1.5091        0.0027       13.1176       13.1203      11.611207       0.05594
   4     628.0        1.5275        0.0030       12.5655       12.5684      11.040951       0.06503
   3     710.0        1.5574        0.0032       11.8768       11.8799      10.322501       0.07394
   2     802.0        1.6086        0.0033       11.0748       11.0781       9.469513       0.07824
   1     902.0        1.7010        0.0035       10.2081       10.2116       8.510567       0.08093
   0    1013.0        1.8718        0.0036        9.3552        9.3588       7.487046       0.07782



 Wavenumbers:  5150. -  6150. cm-1, ATM      1
 LEVEL PRESSURE   UPWARD FLUX   DIFDOWN FLUX  DIRDOWN FLUX  DOWNWARD FLUX   NET FLUX    HEATING RATE
          mb          W/m2          W/m2          W/m2        W/m2          W/m2       degree/day
  47   .000061        3.5748        0.0000       39.8469       39.8469      36.272149       0.00000
  46   .000117        3.5748        0.0000       39.8469       39.8469      36.272149       0.00284
  45   .000258        3.5748        0.0000       39.8469       39.8469      36.272149       0.00327
  44   .000625        3.5748        0.0000       39.8469       39.8469      36.272149       0.00412
  43   .001640        3.5748        0.0000       39.8469       39.8469      36.272148       0.00599
  42   .004480        3.5748        0.0000       39.8469       39.8469      36.272145       0.00921
  41    .01200        3.5748        0.0000       39.8469       39.8469      36.272132       0.01420
  40    .03000        3.5748        0.0000       39.8468       39.8468      36.272089       0.02032
  39    .06700        3.5748        0.0000       39.8467       39.8467      36.271970       0.02708
  38    0.1390        3.5748        0.0000       39.8464       39.8464      36.271692       0.03262
  37    0.2720        3.5747        0.0000       39.8458       39.8458      36.271097       0.03772
  36    0.5150        3.5747        0.0000       39.8446       39.8447      36.269917       0.04100
  35    0.9510        3.5747        0.0000       39.8424       39.8424      36.267698       0.04295
  34     1.290        3.5747        0.0000       39.8407       39.8407      36.265965       0.04314
  33     1.760        3.5747        0.0000       39.8383       39.8383      36.263599       0.04248
  32     2.410        3.5747        0.0001       39.8350       39.8351      36.260370       0.04193
  31     3.330        3.5747        0.0001       39.8306       39.8307      36.255997       0.04011
  30     4.640        3.5747        0.0001       39.8246       39.8247      36.250011       0.03856
  29     6.520        3.5746        0.0002       39.8161       39.8163      36.241668       0.03745
  28     9.300        3.5746        0.0003       39.8043       39.8046      36.229983       0.03547
  27     13.20        3.5745        0.0004       39.7881       39.7884      36.213883       0.03484
  26     19.07        3.5745        0.0005       39.7662       39.7667      36.192212       0.03116
  25     27.70        3.5744        0.0008       39.7372       39.7380      36.163622       0.02796
  24     32.20        3.5743        0.0009       39.7235       39.7244      36.150053       0.02545
  23     37.60        3.5742        0.0010       39.7085       39.7095      36.135242       0.02315
  22     43.70        3.5742        0.0012       39.6923       39.6934      36.119243       0.02213
  21     51.00        3.5741        0.0014       39.6748       39.6761      36.102005       0.01993
  20     59.50        3.5741        0.0016       39.6557       39.6573      36.083229       0.01864
  19     69.50        3.5740        0.0019       39.6348       39.6367      36.062666       0.01735
  18     81.20        3.5740        0.0022       39.6117       39.6139      36.039957       0.01638
  17     95.00        3.5739        0.0026       39.5857       39.5882      36.014337       0.01567
  16     111.0        3.5738        0.0030       39.5559       39.5589      35.985077       0.01543
  15     130.0        3.5738        0.0035       39.5219       39.5254      35.951633       0.01485
  14     153.0        3.5737        0.0041       39.4764       39.4805      35.906833       0.01644
  13     179.0        3.5736        0.0048       39.4049       39.4097      35.836095       0.02296
  12     209.0        3.5736        0.0056       39.2408       39.2464      35.672775       0.04594
  11     243.0        3.5736        0.0064       38.8012       38.8076      35.233989       0.10891
  10     281.0        3.5738        0.0072       37.7659       37.7731      34.199251       0.22980
   9     324.0        3.5743        0.0080       36.3632       36.3711      32.796825       0.27524
   8     372.0        3.5752        0.0088       34.8469       34.8557      31.280476       0.26660
   7     426.0        3.5767        0.0095       32.9618       32.9713      29.394545       0.29473
   6     487.0        3.5793        0.0101       30.8206       30.8307      27.251419       0.29649
   5     554.0        3.5837        0.0108       28.5990       28.6097      25.026008       0.28031
   4     628.0        3.5923        0.0114       26.3373       26.3487      22.756425       0.25883
   3     710.0        3.6100        0.0120       24.3004       24.3125      20.702507       0.21138
   2     802.0        3.6483        0.0128       22.6764       22.6892      19.040858       0.15242
   1     902.0        3.7368        0.0136       21.2878       21.3014      17.564640       0.12458
   0    1013.0        3.9742        0.0143       19.8566       19.8709      15.896753       0.12681



 Wavenumbers:  6150. -  7700. cm-1, ATM      1
 LEVEL PRESSURE   UPWARD FLUX   DIFDOWN FLUX  DIRDOWN FLUX  DOWNWARD FLUX   NET FLUX    HEATING RATE
          mb          W/m2          W/m2          W/m2        W/m2          W/m2       degree/day
  47   .000061        5.3934        0.0000       73.7037       73.7037      68.310337       0.00000
  46   .000117        5.3934        0.0000       73.7037       73.7037      68.310337       0.00609
  45   .000258        5.3934        0.0000       73.7037       73.7037      68.310336       0.00890
  44   .000625        5.3934        0.0000       73.7037       73.7037      68.310336       0.01264
  43   .001640        5.3934        0.0000       73.7037       73.7037      68.310334       0.01643
  42   .004480        5.3934        0.0000       73.7037       73.7037      68.310327       0.02040
  41    .01200        5.3934        0.0000       73.7037       73.7037      68.310304       0.02568
  40    .03000        5.3934        0.0000       73.7036       73.7036      68.310236       0.03201
  39    .06700        5.3934        0.0000       73.7034       73.7034      68.310063       0.03939
  38    0.1390        5.3933        0.0000       73.7030       73.7030      68.309677       0.04530
  37    0.2720        5.3933        0.0000       73.7022       73.7022      68.308875       0.05085
  36    0.5150        5.3933        0.0001       73.7006       73.7006      68.307309       0.05439
  35    0.9510        5.3933        0.0001       73.6975       73.6977      68.304383       0.05663
  34     1.290        5.3932        0.0001       73.6952       73.6953      68.302101       0.05683
  33     1.760        5.3932        0.0002       73.6920       73.6922      68.298982       0.05600
  32     2.410        5.3931        0.0003       73.6876       73.6878      68.294710       0.05547
  31     3.330        5.3930        0.0004       73.6815       73.6819      68.288883       0.05345
  30     4.640        5.3929        0.0005       73.6732       73.6738      68.280848       0.05177
  29     6.520        5.3927        0.0007       73.6616       73.6623      68.269578       0.05059
  28     9.300        5.3925        0.0010       73.6451       73.6461      68.253652       0.04835
  27     13.20        5.3921        0.0015       73.6220       73.6235      68.231391       0.04817
  26     19.07        5.3915        0.0022       73.5901       73.5923      68.200742       0.04406
  25     27.70        5.3907        0.0031       73.5466       73.5497      68.159036       0.04078
  24     32.20        5.3903        0.0036       73.5254       73.5290      68.138739       0.03806
  23     37.60        5.3898        0.0042       73.5018       73.5060      68.116209       0.03521
  22     43.70        5.3892        0.0049       73.4757       73.4806      68.091407       0.03431
  21     51.00        5.3885        0.0057       73.4469       73.4527      68.064163       0.03150
  20     59.50        5.3877        0.0067       73.4150       73.4217      68.033971       0.02998
  19     69.50        5.3867        0.0078       73.3793       73.3871      68.000388       0.02834
  18     81.20        5.3856        0.0091       73.3392       73.3483      67.962688       0.02719
  17     95.00        5.3843        0.0107       73.2934       73.3040      67.919726       0.02627
  16     111.0        5.3828        0.0125       73.2405       73.2529      67.870169       0.02614
  15     130.0        5.3810        0.0146       73.1792       73.1938      67.812843       0.02546
  14     153.0        5.3789        0.0170       73.0989       73.1160      67.737101       0.02779
  13     179.0        5.3764        0.0199       72.9768       72.9967      67.620271       0.03792
  12     209.0        5.3737        0.0232       72.7069       72.7300      67.356367       0.07424
  11     243.0        5.3707        0.0267       72.0420       72.0687      66.697985       0.16342
  10     281.0        5.3677        0.0302       70.6211       70.6513      65.283577       0.31412
   9     324.0        5.3651        0.0336       68.2994       68.3330      62.967907       0.45447
   8     372.0        5.3631        0.0370       65.6202       65.6572      60.294129       0.47009
   7     426.0        5.3624        0.0402       62.4701       62.5103      57.147888       0.49170
   6     487.0        5.3645        0.0431       58.6538       58.6968      53.332328       0.52787
   5     554.0        5.3716        0.0455       54.4426       54.4882      49.116540       0.53101
   4     628.0        5.3903        0.0474       49.7554       49.8028      44.412485       0.53646
   3     710.0        5.4346        0.0487       44.8336       44.8823      39.447655       0.51096
   2     802.0        5.5351        0.0494       40.0315       40.0809      34.545812       0.44965
   1     902.0        5.7652        0.0500       35.6049       35.6549      29.889729       0.39293
   0    1013.0        6.3597        0.0507       31.7476       31.7983      25.438640       0.33841



 Wavenumbers:  7700. -  8050. cm-1, ATM      1
 LEVEL PRESSURE   UPWARD FLUX   DIFDOWN FLUX  DIRDOWN FLUX  DOWNWARD FLUX   NET FLUX    HEATING RATE
          mb          W/m2          W/m2          W/m2        W/m2          W/m2       degree/day
  47   .000061        2.8641        0.0000       17.4196       17.4196      14.555471       0.00000
  46   .000117        2.8641        0.0000       17.4196       17.4196      14.555471       0.01026
  45   .000258        2.8641        0.0000       17.4196       17.4196      14.555471       0.01143
  44   .000625        2.8641        0.0000       17.4196       17.4196      14.555470       0.01283
  43   .001640        2.8641        0.0000       17.4196       17.4196      14.555469       0.01374
  42   .004480        2.8641        0.0000       17.4196       17.4196      14.555464       0.01435
  41    .01200        2.8641        0.0000       17.4195       17.4195      14.555450       0.01487
  40    .03000        2.8641        0.0000       17.4195       17.4195      14.555419       0.01488
  39    .06700        2.8641        0.0000       17.4195       17.4195      14.555352       0.01518
  38    0.1390        2.8641        0.0000       17.4193       17.4193      14.555223       0.01512
  37    0.2720        2.8641        0.0000       17.4191       17.4191      14.554984       0.01516
  36    0.5150        2.8642        0.0000       17.4187       17.4187      14.554550       0.01507
  35    0.9510        2.8642        0.0000       17.4180       17.4180      14.553767       0.01516
  34     1.290        2.8643        0.0001       17.4174       17.4174      14.553160       0.01510
  33     1.760        2.8644        0.0001       17.4166       17.4167      14.552326       0.01498
  32     2.410        2.8644        0.0001       17.4155       17.4156      14.551161       0.01513
  31     3.330        2.8646        0.0002       17.4139       17.4141      14.549520       0.01505
  30     4.640        2.8648        0.0002       17.4117       17.4120      14.547188       0.01502
  29     6.520        2.8651        0.0003       17.4086       17.4089      14.543846       0.01500
  28     9.300        2.8655        0.0004       17.4040       17.4044      14.538997       0.01472
  27     13.20        2.8660        0.0006       17.3973       17.3980      14.531942       0.01527
  26     19.07        2.8669        0.0009       17.3876       17.3885      14.521626       0.01483
  25     27.70        2.8682        0.0013       17.3733       17.3746      14.506451       0.01484
  24     32.20        2.8688        0.0015       17.3659       17.3674      14.498550       0.01482
  23     37.60        2.8696        0.0018       17.3572       17.3589      14.489317       0.01443
  22     43.70        2.8706        0.0021       17.3470       17.3491      14.478534       0.01492
  21     51.00        2.8716        0.0024       17.3352       17.3376      14.465945       0.01455
  20     59.50        2.8729        0.0028       17.3213       17.3241      14.451227       0.01461
  19     69.50        2.8744        0.0033       17.3052       17.3084      14.434019       0.01452
  18     81.20        2.8762        0.0038       17.2863       17.2901      14.413900       0.01451
  17     95.00        2.8783        0.0045       17.2642       17.2687      14.390388       0.01438
  16     111.0        2.8808        0.0052       17.2386       17.2438      14.363001       0.01444
  15     130.0        2.8837        0.0061       17.2088       17.2149      14.331195       0.01413
  14     153.0        2.8872        0.0071       17.1743       17.1814      14.294160       0.01359
  13     179.0        2.8914        0.0083       17.1342       17.1425      14.251121       0.01397
  12     209.0        2.8962        0.0097       17.0886       17.0983      14.202097       0.01379
  11     243.0        2.9018        0.0113       17.0378       17.0490      14.147190       0.01363
  10     281.0        2.9083        0.0130       16.9811       16.9941      14.085836       0.01363
   9     324.0        2.9158        0.0149       16.9182       16.9331      14.017319       0.01345
   8     372.0        2.9245        0.0171       16.8483       16.8654      13.940848       0.01344
   7     426.0        2.9348        0.0195       16.7705       16.7900      13.855221       0.01338
   6     487.0        2.9470        0.0221       16.6835       16.7056      13.758653       0.01336
   5     554.0        2.9616        0.0250       16.5855       16.6105      13.648866       0.01383
   4     628.0        2.9798        0.0281       16.4725       16.5006      13.520840       0.01460
   3     710.0        3.0033        0.0316       16.3375       16.3691      13.365747       0.01596
   2     802.0        3.0353        0.0352       16.1702       16.2055      13.170155       0.01794
   1     902.0        3.0807        0.0391       15.9577       15.9968      12.916140       0.02144
   0    1013.0        3.1464        0.0431       15.6890       15.7321      12.585713       0.02512



 Wavenumbers:  8050. - 12850. cm-1, ATM      1
 LEVEL PRESSURE   UPWARD FLUX   DIFDOWN FLUX  DIRDOWN FLUX  DOWNWARD FLUX   NET FLUX    HEATING RATE
          mb          W/m2          W/m2          W/m2        W/m2          W/m2       degree/day
  47   .000061       35.3785        0.0000      243.9199      243.9199     208.541405       0.00000
  46   .000117       35.3785        0.0000      243.9199      243.9199     208.541405       0.00000
  45   .000258       35.3785        0.0000      243.9199      243.9199     208.541405       0.00000
  44   .000625       35.3785        0.0000      243.9199      243.9199     208.541405       0.00000
  43   .001640       35.3785        0.0000      243.9199      243.9199     208.541405       0.00000
  42   .004480       35.3785        0.0000      243.9199      243.9199     208.541405       0.00000
  41    .01200       35.3784        0.0000      243.9198      243.9198     208.541405       0.00000
  40    .03000       35.3784        0.0001      243.9198      243.9198     208.541405       0.00000
  39    .06700       35.3784        0.0002      243.9196      243.9198     208.541405       0.00000
  38    0.1390       35.3782        0.0003      243.9193      243.9196     208.541405       0.00000
  37    0.2720       35.3780        0.0006      243.9188      243.9194     208.541405       0.00000
  36    0.5150       35.3776        0.0012      243.9178      243.9190     208.541405       0.00000
  35    0.9510       35.3769        0.0022      243.9161      243.9183     208.541405       0.00000
  34     1.290       35.3763        0.0030      243.9148      243.9177     208.541405       0.00000
  33     1.760       35.3756        0.0040      243.9129      243.9170     208.541405       0.00000
  32     2.410       35.3745        0.0055      243.9104      243.9159     208.541405       0.00000
  31     3.330       35.3730        0.0076      243.9067      243.9144     208.541405       0.00000
  30     4.640       35.3708        0.0106      243.9016      243.9122     208.541405       0.00000
  29     6.520       35.3678        0.0149      243.8942      243.9092     208.541405       0.00000
  28     9.300       35.3633        0.0212      243.8835      243.9047     208.541405       0.00000
  27     13.20       35.3568        0.0303      243.8679      243.8982     208.541405       0.00000
  26     19.07       35.3472        0.0436      243.8450      243.8886     208.541405       0.00000
  25     27.70       35.3331        0.0633      243.8112      243.8745     208.541405       0.00000
  24     32.20       35.3257        0.0736      243.7935      243.8671     208.541405       0.00000
  23     37.60       35.3171        0.0856      243.7729      243.8585     208.541405       0.00000
  22     43.70       35.3070        0.0997      243.7487      243.8484     208.541405       0.00000
  21     51.00       35.2951        0.1162      243.7203      243.8365     208.541405       0.00000
  20     59.50       35.2813        0.1356      243.6871      243.8227     208.541405       0.00000
  19     69.50       35.2650        0.1583      243.6481      243.8064     208.541405       0.00000
  18     81.20       35.2458        0.1849      243.6023      243.7872     208.541405       0.00000
  17     95.00       35.2233        0.2163      243.5485      243.7647     208.541405       0.00000
  16     111.0       35.1970        0.2529      243.4800      243.7330     208.536000       0.00285
  15     130.0       35.1662        0.2958      243.3999      243.6957     208.529500       0.00289
  14     153.0       35.1301        0.3462      243.3040      243.6501     208.520044       0.00347
  13     179.0       35.0877        0.4052      243.1856      243.5908     208.503088       0.00550
  12     209.0       35.0391        0.4730      243.0193      243.4923     208.453170       0.01404
  11     243.0       34.9844        0.5494      242.7046      243.2540     208.269510       0.04559
  10     281.0       34.9242        0.6347      242.0453      242.6800     207.755823       0.11408
   9     324.0       34.8591        0.7295      240.9859      241.7154     206.856290       0.17654
   8     372.0       34.7904        0.8344      239.6082      240.4426     205.652235       0.21169
   7     426.0       34.7209        0.9491      237.7284      238.6775     203.956515       0.26501
   6     487.0       34.6565        1.0733      235.0868      236.1602     201.503639       0.33935
   5     554.0       34.6072        1.2063      231.4994      232.7057     198.098527       0.42890
   4     628.0       34.6012        1.3443      226.3838      227.7281     193.126864       0.56698
   3     710.0       34.6978        1.4834      219.2820      220.7654     186.067548       0.72652
   2     802.0       35.0222        1.6191      210.1597      211.7788     176.756581       0.85409
   1     902.0       35.8452        1.7470      199.2611      201.0081     165.162914       0.97841
   0    1013.0       37.8514        1.8690      187.3877      189.2568     151.405424       1.04596



 Wavenumbers: 12850. - 16000. cm-1, ATM      1
 LEVEL PRESSURE   UPWARD FLUX   DIFDOWN FLUX  DIRDOWN FLUX  DOWNWARD FLUX   NET FLUX    HEATING RATE
          mb          W/m2          W/m2          W/m2        W/m2          W/m2       degree/day
  47   .000061       28.5224        0.0000      152.8351      152.8351     124.312676       0.00000
  46   .000117       28.5224        0.0000      152.8351      152.8351     124.312674       0.39570
  45   .000258       28.5224        0.0000      152.8351      152.8351     124.312666       0.45397
  44   .000625       28.5224        0.0000      152.8350      152.8350     124.312643       0.52489
  43   .001640       28.5224        0.0000      152.8350      152.8350     124.312575       0.56933
  42   .004480       28.5224        0.0000      152.8347      152.8348     124.312378       0.58521
  41    .01200       28.5224        0.0001      152.8342      152.8342     124.311859       0.58194
  40    .03000       28.5223        0.0001      152.8328      152.8329     124.310645       0.56951
  39    .06700       28.5222        0.0003      152.8300      152.8303     124.308106       0.57902
  38    0.1390       28.5220        0.0007      152.8245      152.8252     124.303159       0.57986
  37    0.2720       28.5218        0.0014      152.8144      152.8158     124.293995       0.58150
  36    0.5150       28.5215        0.0026      152.7966      152.7992     124.277731       0.56480
  35    0.9510       28.5214        0.0048      152.7663      152.7710     124.249606       0.54439
  34     1.290       28.5218        0.0064      152.7437      152.7501     124.228328       0.52971
  33     1.760       28.5229        0.0088      152.7132      152.7219     124.199036       0.52595
  32     2.410       28.5255        0.0120      152.6701      152.6821     124.156612       0.55081
  31     3.330       28.5312        0.0166      152.6067      152.6232     124.092087       0.59188
  30     4.640       28.5418        0.0231      152.5120      152.5351     123.993258       0.63667
  29     6.520       28.5589        0.0323      152.3753      152.4076     123.848709       0.64887
  28     9.300       28.5825        0.0458      152.1874      152.2332     123.650715       0.60104
  27     13.20       28.6116        0.0654      151.9405      152.0059     123.394255       0.55495
  26     19.07       28.6459        0.0939      151.6184      151.7123     123.066402       0.47135
  25     27.70       28.6832        0.1360      151.2044      151.3403     122.657091       0.40026
  24     32.20       28.6967        0.1579      151.0155      151.1734     122.476645       0.33840
  23     37.60       28.7074        0.1835      150.8177      151.0011     122.293749       0.28583
  22     43.70       28.7151        0.2134      150.6077      150.8211     122.105976       0.25978
  21     51.00       28.7191        0.2484      150.3857      150.6341     121.915002       0.22078
  20     59.50       28.7184        0.2894      150.1507      150.4402     121.721805       0.19181
  19     69.50       28.7110        0.3375      149.9061      150.2437     121.532654       0.15963
  18     81.20       28.6939        0.3940      149.6593      150.0533     121.359397       0.12497
  17     95.00       28.6662        0.4603      149.4077      149.8680     121.201804       0.09637
  16     111.0       28.6335        0.5382      149.1355      149.6737     121.040215       0.08523
  15     130.0       28.5919        0.6292      148.8362      149.4653     120.873397       0.07409
  14     153.0       28.5401        0.7356      148.5017      149.2373     120.697162       0.06466
  13     179.0       28.4746        0.8601      148.1293      148.9894     120.514848       0.05918
  12     209.0       28.3938        1.0028      147.7193      148.7221     120.328367       0.05246
  11     243.0       28.2992        1.1635      147.2614      148.4249     120.125711       0.05030
  10     281.0       28.1905        1.3437      146.7438      148.0875     119.896985       0.05080
   9     324.0       28.0675        1.5448      146.1527      147.6975     119.630018       0.05239
   8     372.0       27.9304        1.7683      145.4770      147.2453     119.314899       0.05540
   7     426.0       27.7798        2.0158      144.7016      146.7174     118.937629       0.05896
   6     487.0       27.6169        2.2887      143.8036      146.0923     118.475397       0.06395
   5     554.0       27.4449        2.5882      142.7518      145.3400     117.895120       0.07309
   4     628.0       27.2747        2.9141      141.4670      144.3811     117.106400       0.08995
   3     710.0       27.1239        3.2641      139.8566      143.1206     115.996746       0.11420
   2     802.0       27.0268        3.6334      137.7983      141.4317     114.404907       0.14602
   1     902.0       27.0479        4.0168      135.1724      139.1892     112.141358       0.19102
   0    1013.0       27.2833        4.4118      132.0048      136.4166     109.133272       0.22870



 Wavenumbers: 16000. - 22650. cm-1, ATM      1
 LEVEL PRESSURE   UPWARD FLUX   DIFDOWN FLUX  DIRDOWN FLUX  DOWNWARD FLUX   NET FLUX    HEATING RATE
          mb          W/m2          W/m2          W/m2        W/m2          W/m2       degree/day
  47   .000061       58.7532        0.0000      243.6382      243.6382     184.885040       0.00000
  46   .000117       58.7532        0.0000      243.6382      243.6382     184.885040       0.02119
  45   .000258       58.7532        0.0000      243.6382      243.6382     184.885039       0.05262
  44   .000625       58.7532        0.0000      243.6382      243.6382     184.885035       0.09603
  43   .001640       58.7532        0.0000      243.6381      243.6382     184.885020       0.12346
  42   .004480       58.7531        0.0001      243.6380      243.6381     184.884984       0.10763
  41    .01200       58.7530        0.0004      243.6376      243.6379     184.884936       0.05410
  40    .03000       58.7527        0.0009      243.6367      243.6376     184.884868       0.03169
  39    .06700       58.7521        0.0020      243.6348      243.6368     184.884653       0.04897
  38    0.1390       58.7511        0.0042      243.6307      243.6349     184.883807       0.09917
  37    0.2720       58.7494        0.0082      243.6222      243.6304     184.881042       0.17545
  36    0.5150       58.7469        0.0155      243.6050      243.6205     184.873609       0.25814
  35    0.9510       58.7439        0.0287      243.5690      243.5977     184.853732       0.38474
  34     1.290       58.7430        0.0389      243.5368      243.5757     184.832725       0.52294
  33     1.760       58.7435        0.0529      243.4866      243.5395     184.796027       0.65895
  32     2.410       58.7477        0.0724      243.4047      243.4772     184.729418       0.86480
  31     3.330       58.7603        0.1000      243.2683      243.3683     184.608040       1.11340
  30     4.640       58.7866        0.1391      243.0471      243.1862     184.399546       1.34314
  29     6.520       58.8303        0.1951      242.7117      242.9068     184.076504       1.45011
  28     9.300       58.8898        0.2762      242.2394      242.5156     183.625764       1.36830
  27     13.20       58.9593        0.3940      241.6100      242.0040     183.044747       1.25725
  26     19.07       59.0338        0.5661      240.7812      241.3473     182.313567       1.05120
  25     27.70       59.1005        0.8188      239.7048      240.5236     181.423072       0.87080
  24     32.20       59.1157        0.9503      239.2078      240.1582     181.042486       0.71374
  23     37.60       59.1167        1.1041      238.6805      239.7846     180.667843       0.58549
  22     43.70       59.1024        1.2836      238.1135      239.3972     180.294770       0.51613
  21     51.00       59.0689        1.4934      237.5038      238.9971     179.928208       0.42376
  20     59.50       59.0122        1.7387      236.8450      238.5837     179.571559       0.35410
  19     69.50       58.9245        2.0259      236.1394      238.1653     179.240791       0.27914
  18     81.20       58.7939        2.3621      235.3977      237.7599     178.965949       0.19824
  17     95.00       58.6155        2.7559      234.6055      237.3614     178.745847       0.13460
  16     111.0       58.3938        3.2149      233.7204      236.9353     178.541437       0.10782
  15     130.0       58.1254        3.7485      232.7166      236.4651     178.339676       0.08962
  14     153.0       57.8019        4.3702      231.5689      235.9391     178.137199       0.07429
  13     179.0       57.4093        5.0933      230.2692      235.3625     177.953193       0.05973
  12     209.0       56.9425        5.9177      228.8276      234.7453     177.802778       0.04231
  11     243.0       56.4048        6.8400      227.2361      234.0760     177.671235       0.03265
  10     281.0       55.7903        7.8661      225.4810      233.3471     177.556769       0.02542
   9     324.0       55.0934        9.0021      223.5449      232.5470     177.453653       0.02024
   8     372.0       54.3082       10.2537      221.4085      231.6622     177.354017       0.01752
   7     426.0       53.4273       11.6257      219.0574      230.6831     177.255775       0.01535
   6     487.0       52.4415       13.1237      216.4732      229.5969     177.155366       0.01389
   5     554.0       51.3416       14.7522      213.6372      228.3894     177.047819       0.01355
   4     628.0       50.1203       16.5117      210.5278      227.0395     176.919106       0.01468
   3     710.0       48.7714       18.4007      207.1199      225.5206     176.749240       0.01748
   2     802.0       47.2893       20.4166      203.3761      223.7927     176.503454       0.02255
   1     902.0       45.6697       22.5560      199.2446      221.8006     176.130898       0.03144
   0    1013.0       43.9036       24.8142      194.7037      219.5179     175.614298       0.03928



 Wavenumbers: 22650. - 29000. cm-1, ATM      1
 LEVEL PRESSURE   UPWARD FLUX   DIFDOWN FLUX  DIRDOWN FLUX  DOWNWARD FLUX   NET FLUX    HEATING RATE
          mb          W/m2          W/m2          W/m2        W/m2          W/m2       degree/day
  47   .000061       31.3206        0.0000       91.9887       91.9887      60.668115       0.00000
  46   .000117       31.3206        0.0000       91.9887       91.9887      60.668115       0.00000
  45   .000258       31.3206        0.0000       91.9887       91.9887      60.668115       0.00000
  44   .000625       31.3206        0.0000       91.9887       91.9887      60.668115       0.00000
  43   .001640       31.3205        0.0001       91.9886       91.9887      60.668115       0.00000
  42   .004480       31.3205        0.0002       91.9885       91.9886      60.668115       0.00000
  41    .01200       31.3204        0.0004       91.9881       91.9885      60.668115       0.00000
  40    .03000       31.3201        0.0010       91.9872       91.9882      60.668115       0.00000
  39    .06700       31.3195        0.0023       91.9853       91.9876      60.668115       0.00000
  38    0.1390       31.3184        0.0048       91.9817       91.9865      60.668115       0.00000
  37    0.2720       31.3163        0.0094       91.9750       91.9844      60.668115       0.00000
  36    0.5150       31.3125        0.0177       91.9628       91.9806      60.668115       0.00000
  35    0.9510       31.3055        0.0328       91.9409       91.9737      60.668115       0.00000
  34     1.290       31.3002        0.0445       91.9239       91.9683      60.668115       0.00000
  33     1.760       31.2928        0.0605       91.9005       91.9610      60.668115       0.00000
  32     2.410       31.2826        0.0829       91.8678       91.9507      60.668115       0.00000
  31     3.330       31.2681        0.1144       91.8218       91.9362      60.668115       0.00000
  30     4.640       31.2475        0.1592       91.7564       91.9156      60.668115       0.00000
  29     6.520       31.2180        0.2233       91.6628       91.8861      60.668115       0.00000
  28     9.300       31.1751        0.3163       91.5269       91.8432      60.668115       0.00000
  27     13.20       31.1126        0.4513       91.3294       91.7807      60.668115       0.00000
  26     19.07       31.0210        0.6484       91.0408       91.6891      60.668115       0.00000
  25     27.70       30.8857        0.9373       90.6165       91.5538      60.668115       0.00000
  24     32.20       30.8151        1.0873       90.3958       91.4832      60.668115       0.00000
  23     37.60       30.7323        1.2623       90.1381       91.4004      60.668115       0.00000
  22     43.70       30.6353        1.4660       89.8374       91.3034      60.668115       0.00000
  21     51.00       30.5217        1.7033       89.4865       91.1898      60.668115       0.00000
  20     59.50       30.3883        1.9796       89.0769       91.0565      60.668115       0.00000
  19     69.50       30.2317        2.3014       88.5985       90.8998      60.668115       0.00000
  18     81.20       30.0476        2.6757       88.0401       90.7157      60.668115       0.00000
  17     95.00       29.8312        3.1105       87.3888       90.4993      60.668115       0.00000
  16     111.0       29.5772        3.6132       86.6321       90.2453      60.668115       0.00000
  15     130.0       29.2799        4.1920       85.7560       89.9480      60.668115       0.00000
  14     153.0       28.9304        4.8590       84.7396       89.5985      60.668115       0.00000
  13     179.0       28.5200        5.6241       83.5640       89.1881      60.668115       0.00000
  12     209.0       28.0469        6.4821       82.2329       88.7150      60.668115       0.00000
  11     243.0       27.5108        7.4244       80.7546       88.1789      60.668115       0.00000
  10     281.0       26.9056        8.4506       79.1231       87.5737      60.668115       0.00000
   9     324.0       26.2243        9.5596       77.3328       86.8924      60.668115       0.00000
   8     372.0       25.4596       10.7482       75.3795       86.1277      60.668115       0.00000
   7     426.0       24.6034       12.0106       73.2610       85.2715      60.668115       0.00000
   6     487.0       23.6462       13.3401       70.9742       84.3143      60.668115       0.00000
   5     554.0       22.5777       14.7266       68.5192       83.2458      60.668115       0.00000
   4     628.0       21.3881       16.1554       65.9007       82.0562      60.668115       0.00000
   3     710.0       20.0667       17.6072       63.1276       80.7348      60.668115       0.00000
   2     802.0       18.6008       19.0635       60.2055       79.2689      60.668115       0.00000
   1     902.0       16.9736       20.4994       57.1423       77.6417      60.668115       0.00000
   0    1013.0       15.1670       21.8866       53.9485       75.8351      60.668115       0.00000



 Wavenumbers: 29000. - 38000. cm-1, ATM      1
 LEVEL PRESSURE   UPWARD FLUX   DIFDOWN FLUX  DIRDOWN FLUX  DOWNWARD FLUX   NET FLUX    HEATING RATE
          mb          W/m2          W/m2          W/m2        W/m2          W/m2       degree/day
  47   .000061        6.6054        0.0000       32.4602       32.4602      25.854874       0.00000
  46   .000117        6.6054        0.0000       32.4602       32.4602      25.854868       0.87251
  45   .000258        6.6054        0.0000       32.4602       32.4602      25.854832       2.15312
  44   .000625        6.6054        0.0000       32.4600       32.4600      25.854662       3.90995
  43   .001640        6.6053        0.0000       32.4594       32.4594      25.854059       5.00984
  42   .004480        6.6053        0.0001       32.4578       32.4579      25.852591       4.36249
  41    .01200        6.6051        0.0003       32.4554       32.4558      25.850636       2.19428
  40    .03000        6.6048        0.0008       32.4519       32.4527      25.847885       1.28973
  39    .06700        6.6041        0.0019       32.4414       32.4432      25.839105       2.00266
  38    0.1390        6.6029        0.0039       32.4034       32.4073      25.804428       4.06449
  37    0.2720        6.6009        0.0075       32.2855       32.2930      25.692116       7.12642
  36    0.5150        6.5979        0.0140       31.9855       31.9994      25.401576      10.09015
  35    0.9510        6.5940        0.0249       31.2728       31.2977      24.703644      13.50907
  34     1.290        6.5924        0.0327       30.6341       30.6667      24.074398      15.66459
  33     1.760        6.5917        0.0425       29.7320       29.7745      23.182832      16.00862
  32     2.410        6.5938        0.0550       28.5534       28.6084      22.014603      15.16748
  31     3.330        6.6019        0.0712       27.1878       27.2590      20.657137      12.45201
  30     4.640        6.6200        0.0929       25.7602       25.8532      19.233149       9.17347
  29     6.520        6.6512        0.1225       24.3568       24.4792      17.828030       6.30745
  28     9.300        6.6959        0.1638       23.0468       23.2105      16.514674       3.98691
  27     13.20        6.7533        0.2219       21.8431       22.0651      15.311787       2.60291
  26     19.07        6.8258        0.3040       20.7001       21.0040      14.178181       1.62976
  25     27.70        6.9151        0.4204       19.5964       20.0168      13.101711       1.05266
  24     32.20        6.9522        0.4800       19.1757       19.6558      12.703530       0.74674
  23     37.60        6.9858        0.5494       18.7741       19.3235      12.337617       0.57185
  22     43.70        7.0163        0.6297       18.3802       19.0100      11.993672       0.47584
  21     51.00        7.0419        0.7229       17.9914       18.7143      11.672403       0.37140
  20     59.50        7.0610        0.8308       17.6034       18.4343      11.373304       0.29696
  19     69.50        7.0686        0.9561       17.2180       18.1741      11.105479       0.22602
  18     81.20        7.0562        1.1028       16.8433       17.9461      10.889880       0.15551
  17     95.00        7.0215        1.2741       16.4690       17.7431      10.721617       0.10290
  16     111.0        6.9697        1.4717       16.0717       17.5434      10.573710       0.07801
  15     130.0        6.9019        1.6872       15.6380       17.3252      10.423302       0.06681
  14     153.0        6.8176        1.9378       15.1605       17.0983      10.280617       0.05235
  13     179.0        6.7090        2.2208       14.6421       16.8629      10.153875       0.04114
  12     209.0        6.5722        2.5312       14.0919       16.6231      10.050916       0.02896
  11     243.0        6.4103        2.8630       13.5089       16.3719       9.961648       0.02216
  10     281.0        6.2214        3.2139       12.8929       16.1068       9.885436       0.01693
   9     324.0        6.0042        3.5792       12.2437       15.8229       9.818690       0.01310
   8     372.0        5.7576        3.9527       11.5617       15.5143       9.756741       0.01089
   7     426.0        5.4790        4.3287       10.8499       15.1786       9.699612       0.00893
   6     487.0        5.1652        4.6992       10.1130       14.8122       9.646989       0.00728
   5     554.0        4.8130        5.0557        9.3559       14.4116       9.598588       0.00610
   4     628.0        4.4195        5.3877        8.5849       13.9727       9.553214       0.00517
   3     710.0        3.9812        5.6834        7.8085       13.4919       9.510652       0.00438
   2     802.0        3.4939        5.9305        7.0345       12.9651       9.471154       0.00362
   1     902.0        2.9522        6.1181        6.2686       12.3867       9.434498       0.00309
   0    1013.0        2.3501        6.2297        5.5209       11.7506       9.400473       0.00259



 Wavenumbers: 38000. - 50000. cm-1, ATM      1
 LEVEL PRESSURE   UPWARD FLUX   DIFDOWN FLUX  DIRDOWN FLUX  DOWNWARD FLUX   NET FLUX    HEATING RATE
          mb          W/m2          W/m2          W/m2        W/m2          W/m2       degree/day
  47   .000061        0.0088        0.0000        2.0206        2.0206       2.011828       0.00000
  46   .000117        0.0088        0.0000        2.0206        2.0206       2.011824       0.62235
  45   .000258        0.0088        0.0000        2.0206        2.0206       2.011803       1.27859
  44   .000625        0.0088        0.0000        2.0205        2.0205       2.011707       2.19469
  43   .001640        0.0088        0.0000        2.0201        2.0201       2.011374       2.77257
  42   .004480        0.0087        0.0000        2.0193        2.0193       2.010547       2.45611
  41    .01200        0.0087        0.0001        2.0180        2.0180       2.009326       1.37044
  40    .03000        0.0086        0.0002        2.0158        2.0160       2.007367       0.91862
  39    .06700        0.0084        0.0004        2.0098        2.0102       2.001798       1.27015
  38    0.1390        0.0080        0.0009        1.9896        1.9905       1.982417       2.27164
  37    0.2720        0.0074        0.0016        1.9296        1.9312       1.923739       3.72327
  36    0.5150        0.0065        0.0028        1.7837        1.7865       1.779952       4.99356
  35    0.9510        0.0052        0.0040        1.4672        1.4712       1.466018       6.07646
  34     1.290        0.0044        0.0044        1.2164        1.2208       1.216347       6.21536
  33     1.760        0.0036        0.0043        0.9148        0.9191       0.915508       5.40175
  32     2.410        0.0028        0.0038        0.6143        0.6181       0.615290       3.89782
  31     3.330        0.0022        0.0033        0.3861        0.3895       0.387286       2.09148
  30     4.640        0.0016        0.0028        0.2411        0.2439       0.242283       0.93412
  29     6.520        0.0012        0.0024        0.1489        0.1513       0.150069       0.41394
  28     9.300        0.0008        0.0020        0.0892        0.0912       0.090327       0.18136
  27     13.20        0.0005        0.0014        0.0490        0.0504       0.049918       0.08744
  26     19.07        0.0003        0.0009        0.0230        0.0238       0.023566       0.03789
  25     27.70        0.0001        0.0004        0.0087        0.0091       0.008969       0.01427
  24     32.20        0.0001        0.0003        0.0055        0.0058       0.005723       0.00609
  23     37.60        0.0001        0.0002        0.0034        0.0036       0.003533       0.00342
  22     43.70        0.0000        0.0001        0.0020        0.0021       0.002088       0.00200
  21     51.00        0.0000        0.0001        0.0011        0.0012       0.001174       0.00106
  20     59.50        0.0000        0.0000        0.0006        0.0006       0.000621       0.00055
  19     69.50        0.0000        0.0000        0.0003        0.0003       0.000309       0.00026
  18     81.20        0.0000        0.0000        0.0001        0.0001       0.000144       0.00012
  17     95.00        0.0000        0.0000        0.0001        0.0001       0.000062       0.00005
  16     111.0        0.0000        0.0000        0.0000        0.0000       0.000023       0.00002
  15     130.0        0.0000        0.0000        0.0000        0.0000       0.000008       0.00001
  14     153.0        0.0000        0.0000        0.0000        0.0000       0.000002       0.00000
  13     179.0        0.0000        0.0000        0.0000        0.0000       0.000000       0.00000
  12     209.0        0.0000        0.0000        0.0000        0.0000       0.000000       0.00000
  11     243.0        0.0000        0.0000        0.0000        0.0000       0.000000       0.00000
  10     281.0        0.0000        0.0000        0.0000        0.0000       0.000000       0.00000
   9     324.0        0.0000        0.0000        0.0000        0.0000       0.000000       0.00000
   8     372.0        0.0000        0.0000        0.0000        0.0000       0.000000       0.00000
   7     426.0        0.0000        0.0000        0.0000        0.0000       0.000000       0.00000
   6     487.0        0.0000        0.0000        0.0000        0.0000       0.000000       0.00000
   5     554.0        0.0000        0.0000        0.0000        0.0000       0.000000       0.00000
   4     628.0        0.0000        0.0000        0.0000        0.0000       0.000000       0.00000
   3     710.0        0.0000        0.0000        0.0000        0.0000       0.000000       0.00000
   2     802.0        0.0000        0.0000        0.0000        0.0000       0.000000       0.00000
   1     902.0        0.0000        0.0000        0.0000        0.0000       0.000000       0.00000
   0    1013.0        0.0000        0.0000        0.0000        0.0000       0.000000       0.00000



 Wavenumbers:   820. -  2600. cm-1, ATM      1
 LEVEL PRESSURE   UPWARD FLUX   DIFDOWN FLUX  DIRDOWN FLUX  DOWNWARD FLUX   NET FLUX    HEATING RATE
          mb          W/m2          W/m2          W/m2        W/m2          W/m2       degree/day
  47   .000061        0.3820        0.0000        9.3592        9.3592       8.977248       0.00000
  46   .000117        0.3820        0.0000        9.3592        9.3592       8.977174      11.11521
  45   .000258        0.3820        0.0000        9.3589        9.3589       8.976904      16.16244
  44   .000625        0.3820        0.0000        9.3583        9.3583       8.976364      12.40975
  43   .001640        0.3820        0.0000        9.3577        9.3577       8.975716       5.38820
  42   .004480        0.3820        0.0000        9.3565        9.3565       8.974474       3.69121
  41    .01200        0.3820        0.0000        9.3547        9.3547       8.972714       1.97510
  40    .03000        0.3820        0.0000        9.3535        9.3535       8.971499       0.56975
  39    .06700        0.3820        0.0000        9.3518        9.3518       8.969825       0.38176
  38    0.1390        0.3820        0.0000        9.3479        9.3479       8.965889       0.46133
  37    0.2720        0.3820        0.0000        9.3408        9.3408       8.958769       0.45176
  36    0.5150        0.3820        0.0000        9.3305        9.3305       8.948473       0.35757
  35    0.9510        0.3820        0.0000        9.3140        9.3140       8.931970       0.31943
  34     1.290        0.3820        0.0000        9.3013        9.3013       8.919272       0.31610
  33     1.760        0.3820        0.0000        9.2843        9.2843       8.902273       0.30523
  32     2.410        0.3820        0.0000        9.2614        9.2614       8.879440       0.29645
  31     3.330        0.3820        0.0000        9.2304        9.2304       8.848441       0.28436
  30     4.640        0.3820        0.0000        9.1886        9.1886       8.806642       0.26927
  29     6.520        0.3820        0.0000        9.1329        9.1329       8.750949       0.25000
  28     9.300        0.3820        0.0000        9.0586        9.0586       8.676604       0.22569
  27     13.20        0.3820        0.0000        8.9613        8.9613       8.579262       0.21064
  26     19.07        0.3820        0.0000        8.8475        8.8475       8.465509       0.16354
  25     27.70        0.3820        0.0000        8.7427        8.7427       8.360651       0.10254
  24     32.20        0.3820        0.0000        8.7086        8.7086       8.326529       0.06399
  23     37.60        0.3820        0.0000        8.6783        8.6783       8.296292       0.04725
  22     43.70        0.3820        0.0000        8.6498        8.6498       8.267725       0.03952
  21     51.00        0.3821        0.0000        8.6201        8.6201       8.238017       0.03434
  20     59.50        0.3821        0.0000        8.5867        8.5867       8.204667       0.03311
  19     69.50        0.3821        0.0000        8.5482        8.5483       8.166175       0.03248
  18     81.20        0.3821        0.0000        8.5041        8.5041       8.121979       0.03188
  17     95.00        0.3821        0.0000        8.4530        8.4530       8.070858       0.03126
  16     111.0        0.3821        0.0000        8.3934        8.3934       8.011298       0.03142
  15     130.0        0.3822        0.0000        8.3244        8.3244       7.942207       0.03069
  14     153.0        0.3822        0.0000        8.2397        8.2398       7.857554       0.03106
  13     179.0        0.3822        0.0000        8.1306        8.1306       7.748371       0.03544
  12     209.0        0.3823        0.0000        7.9576        7.9576       7.575292       0.04869
  11     243.0        0.3825        0.0000        7.6443        7.6443       7.261812       0.07781
  10     281.0        0.3828        0.0000        7.2090        7.2090       6.826155       0.09675
   9     324.0        0.3834        0.0000        6.7875        6.7875       6.404124       0.08283
   8     372.0        0.3843        0.0000        6.3293        6.3294       5.945086       0.08071
   7     426.0        0.3856        0.0000        5.7804        5.7804       5.394836       0.08599
   6     487.0        0.3874        0.0000        5.2746        5.2746       4.887246       0.07022
   5     554.0        0.3901        0.0000        4.9318        4.9318       4.541695       0.04352
   4     628.0        0.3950        0.0000        4.6528        4.6529       4.257896       0.03237
   3     710.0        0.4048        0.0000        4.2999        4.2999       3.895053       0.03734
   2     802.0        0.4256        0.0000        3.8650        3.8651       3.439469       0.04179
   1     902.0        0.4708        0.0000        3.3933        3.3933       2.922490       0.04363
   0    1013.0        0.5742        0.0000        2.8710        2.8711       2.296860       0.04757

  Modules and versions used in this calculation:

       rrtmg_sw.1col.f90:  $Revision: 32245 $            rrtmg_sw_init.f90:  $Revision: 30822 $
     rrtmgsw_cldprop.f90:  $Revision: 29812 $          rrtmgsw_cldprmc.f90:  NOT USED          
     rrtmg_sw_reftra.f90:  $Revision: 29812 $          rrtmg_sw_spcvrt.f90:  NOT USED          
     rrtmg_sw_spcvmc.f90:  NOT USED                    rrtmgsw_setcoef.f90:  NOT USED          
     rrtmg_sw_taumol.f90:  $Revision: 30822 $          rrtmg_sw_vrtqdr.f90:  NOT USED          
                rrtatm.f:  NOT USED                             util_xxx.f:  NOT USED          
                 extra.f:  NOT USED                       rrtmg_sw_k_g.f90:  $Revision: 30822 $

