

 Wavenumbers:   820. - 50000. cm-1, ATM      1
 LEVEL PRESSURE   UPWARD FLUX   DIFDOWN FLUX  DIRDOWN FLUX  DOWNWARD FLUX   NET FLUX    HEATING RATE
          mb          W/m2          W/m2          W/m2        W/m2          W/m2       degree/day
  51    .06700      175.8062        0.0000     1360.8519     1360.8519    1185.045687       0.00000
  50    .07753      175.8056        0.0011     1360.8300     1360.8312    1185.025629      16.07734
  49    .09103      175.8047        0.0026     1360.8105     1360.8131    1185.008382      10.77953
  48    0.1069      175.8038        0.0042     1360.7888     1360.7930    1184.989191      10.21570
  47    0.1255      175.8028        0.0061     1360.7628     1360.7689    1184.966162      10.44023
  46    0.1487      175.8015        0.0085     1360.7277     1360.7363    1184.934791      11.43499
  45    0.1794      175.7998        0.0118     1360.6764     1360.6882    1184.888449      12.72205
  44    0.2165      175.7978        0.0157     1360.6105     1360.6262    1184.828402      13.65963
  43    0.2613      175.7955        0.0202     1360.5253     1360.5456    1184.750071      14.76501
  42    0.3336      175.7919        0.0278     1360.3713     1360.3990    1184.607106      16.66826
  41    0.4307      175.7874        0.0377     1360.1505     1360.1881    1184.400738      17.94324
  40    0.5894      175.7805        0.0537     1359.7549     1359.8085    1184.028016      19.82089
  39     1.339      175.7567        0.1260     1357.3933     1357.5192    1181.762536      25.50520
  38     1.782      175.7486        0.1662     1355.8678     1356.0340    1180.285381      28.12264
  37     2.292      175.7447        0.2117     1354.1647     1354.3764    1178.631739      27.38864
  36     2.964      175.7474        0.2705     1352.1835     1352.4540    1176.706579      24.16657
  35     3.853      175.7622        0.3476     1350.0616     1350.4091    1174.646966      19.54611
  34     5.035      175.7927        0.4492     1347.8939     1348.3431    1172.550420      14.97685
  33     6.613      175.8397        0.5842     1345.6788     1346.2630    1170.423303      11.37157
  32     8.786      175.8991        0.7651     1343.3920     1344.1572    1168.258103       8.40885
  31     11.80      175.9666        1.0227     1340.8742     1341.8969    1165.930335       6.51702
  30     15.07      176.0187        1.2980     1338.6932     1339.9913    1163.972563       5.05459
  29     18.79      176.0596        1.6075     1336.5884     1338.1959    1162.136256       4.16347
  28     23.16      176.0867        1.9674     1334.4488     1336.4162    1160.329553       3.49358
  27     28.12      176.0930        2.3774     1332.2981     1334.6755    1158.582499       2.96988
  26     33.73      176.0620        2.8353     1330.2068     1333.0421    1156.980131       2.40920
  25     40.54      175.9788        3.3873     1327.9922     1331.3795    1155.400745       1.95941
  24     48.69      175.8336        4.0507     1325.6098     1329.6606    1153.826914       1.62867
  23     57.69      175.6294        4.7769     1323.2431     1328.0200    1152.390614       1.34632
  22     68.43      175.3358        5.6387     1320.6711     1326.3098    1150.973927       1.11370
  21     81.20      174.9132        6.6627     1317.9062     1324.5689    1149.655718       0.87105
  20     96.49      174.3389        7.8780     1314.8774     1322.7554    1148.416498       0.68396
  19     114.6      173.6225        9.3091     1311.4089     1320.7179    1147.095443       0.61684
  18     136.5      172.7434       10.9859     1307.4143     1318.4001    1145.656696       0.55323
  17     162.9      171.6668       12.9561     1302.7103     1315.6664    1143.999629       0.52967
  16     196.4      170.2097       15.4738     1296.5420     1312.0158    1141.806131       0.55213
  15     218.7      169.2289       17.1014     1291.9881     1309.0895    1139.860610       0.73864
  14     243.0      168.1524       18.8473     1286.2986     1305.1459    1136.993488       0.99441
  13     269.0      166.9802       20.7125     1279.1026     1299.8151    1132.834902       1.34903
  12     297.5      165.7192       22.6968     1270.1066     1292.8034    1127.084237       1.70558
  11     328.5      164.6858       38.8028     1240.7851     1279.5879    1114.902112       3.31229
  10     361.9      163.6786       71.7520     1186.5975     1258.3494    1094.670890       5.11870
   9     398.1      162.6479      129.7410     1093.5707     1223.3117    1060.663816       7.92288
   8     437.6      161.4991      180.6141     1006.5056     1187.1197    1025.620562       7.49247
   7     480.5      160.2875      263.8789      860.7714     1124.6503     964.362813      12.03079
   6     533.0      158.7819      326.3293      733.6347     1059.9640     901.182035      10.16378
   5     589.8      157.3848      371.6601      623.9344      995.5945     838.209792       9.34715
   4     651.6      156.1243      401.1515      528.8897      930.0412     773.916863       8.79223
   3     718.7      154.9175      408.1623      480.4716      888.6339     733.716342       5.05209
   2     792.3      154.0310      411.3632      435.1533      846.5165     692.485505       4.72872
   1     891.5      153.2655      404.9212      404.2852      809.2064     655.940892       3.10977
   0    1013.0      154.8427      393.7044      380.5091      774.2135     619.370798       2.53925

  Modules and versions used in this calculation:

       rrtmg_sw.1col.f90:  $Revision: 32245 $            rrtmg_sw_init.f90:  $Revision: 30822 $
     rrtmgsw_cldprop.f90:  $Revision: 29812 $          rrtmgsw_cldprmc.f90:  NOT USED          
     rrtmg_sw_reftra.f90:  $Revision: 29812 $          rrtmg_sw_spcvrt.f90:  NOT USED          
     rrtmg_sw_spcvmc.f90:  NOT USED                    rrtmgsw_setcoef.f90:  NOT USED          
     rrtmg_sw_taumol.f90:  $Revision: 30822 $          rrtmg_sw_vrtqdr.f90:  NOT USED          
                rrtatm.f:  NOT USED                             util_xxx.f:  NOT USED          
                 extra.f:  NOT USED                       rrtmg_sw_k_g.f90:  $Revision: 30822 $

