

 Wavenumbers:   820. - 50000. cm-1, ATM      1
 LEVEL PRESSURE   UPWARD FLUX   DIFDOWN FLUX  DIRDOWN FLUX  DOWNWARD FLUX   NET FLUX    HEATING RATE
          mb          W/m2          W/m2          W/m2        W/m2          W/m2       degree/day
  47   .000061      176.8764        0.0000      962.8725      962.8725     785.996147       0.00000
  46   .000117      176.8764        0.0000      962.8724      962.8724     785.996052      14.39806
  45   .000258      176.8764        0.0000      962.8720      962.8720     785.995677      22.46405
  44   .000625      176.8763        0.0001      962.8710      962.8710     785.994691      22.66890
  43   .001640      176.8763        0.0002      962.8686      962.8688     785.992516      18.07865
  42   .004480      176.8761        0.0005      962.8630      962.8635     785.987344      15.36987
  41    .01200      176.8757        0.0013      962.8531      962.8544     785.978748       9.64633
  40    .03000      176.8746        0.0032      962.8380      962.8411     785.966556       5.71610
  39    .06700      176.8723        0.0071      962.8064      962.8135     785.941189       5.78602
  38    0.1390      176.8682        0.0147      962.7210      962.7357     785.867464       8.64131
  37    0.2720      176.8614        0.0288      962.4946      962.5233     785.661928      13.04171
  36    0.5150      176.8505        0.0538      961.9677      962.0216     785.171094      17.04616
  35    0.9510      176.8347        0.0976      960.7972      960.8947     784.060063      21.50494
  34     1.290      176.8257        0.1301      959.7972      959.9273     783.101614      23.85986
  33     1.760      176.8177        0.1734      958.4398      958.6132     781.795504      23.45202
  32     2.410      176.8145        0.2323      956.7396      956.9719     780.157334      21.26886
  31     3.330      176.8242        0.3140      954.8187      955.1327     778.308492      16.95940
  30     4.640      176.8562        0.4289      952.7597      953.1885     776.332343      12.73054
  29     6.520      176.9151        0.5921      950.5594      951.1515     774.236392       9.40853
  28     9.300      176.9953        0.8273      948.2053      949.0326     772.037332       6.67561
  27     13.20      177.0821        1.1675      945.6279      946.7954     769.713250       5.02904
  26     19.07      177.1622        1.6613      942.6696      944.3309     767.168672       3.65827
  25     27.70      177.2064        2.3826      939.1872      941.5698     764.363393       2.74324
  24     32.20      177.1943        2.7568      937.6461      940.4029     763.208657       2.16555
  23     37.60      177.1483        3.1936      936.0274      939.2210     762.072684       1.77530
  22     43.70      177.0653        3.7027      934.2977      938.0004     760.935021       1.57392
  21     51.00      176.9363        4.2958      932.4398      936.7357     759.799379       1.31286
  20     59.50      176.7511        4.9878      930.4272      935.4150     758.663941       1.12731
  19     69.50      176.4912        5.7949      928.2503      934.0453     757.554112       0.93660
  18     81.20      176.1285        6.7380      925.9140      932.6520     756.523504       0.74337
  17     95.00      175.6494        7.8385      923.3653      931.2038     755.554435       0.59262
  16     111.0      175.0639        9.1161      920.4834      929.5995     754.535577       0.53739
  15     130.0      174.3592       10.5820      917.2145      927.7965     753.437295       0.48782
  14     153.0      173.5156       12.2830      913.4576      925.7406     752.225043       0.44480
  13     179.0      172.4980       14.2435      909.1144      923.3578     750.859786       0.44314
  12     209.0      171.2946       16.4532      903.8517      920.3050     749.010309       0.52027
  11     243.0      169.9138       18.8937      896.9230      915.8167     745.902884       0.77129
  10     281.0      168.3427       21.5698      887.3349      908.9047     740.561964       1.18613
   9     324.0      166.5697       24.4835      875.4311      899.9145     733.344821       1.41643
   8     372.0      164.5829       27.6333      862.1447      889.7780     725.195132       1.43284
   7     426.0      162.3699       31.0138      846.7891      877.8029     715.432955       1.52564
   6     487.0      159.9198       34.6167      829.1468      863.7635     703.843679       1.60334
   5     554.0      157.2297       38.4283      809.4949      847.9232     690.693473       1.65637
   4     628.0      154.3368       42.4199      786.8755      829.2954     674.958514       1.79445
   3     710.0      151.3333       46.5523      761.0724      807.6247     656.291398       1.92115
   2     802.0      148.4328       50.7836      732.4650      783.2486     634.815801       1.96995
   1     902.0      146.1210       55.0647      701.4245      756.4892     610.368163       2.06317
   0    1013.0      145.6667       59.3454      668.9880      728.3334     582.666719       2.10609



 Wavenumbers:  2600. -  3250. cm-1, ATM      1
 LEVEL PRESSURE   UPWARD FLUX   DIFDOWN FLUX  DIRDOWN FLUX  DOWNWARD FLUX   NET FLUX    HEATING RATE
          mb          W/m2          W/m2          W/m2        W/m2          W/m2       degree/day
  47   .000061        0.5334        0.0000        8.4850        8.4850       7.951526       0.00000
  46   .000117        0.5334        0.0000        8.4850        8.4850       7.951526       0.00457
  45   .000258        0.5334        0.0000        8.4850        8.4850       7.951526       0.00494
  44   .000625        0.5334        0.0000        8.4850        8.4850       7.951526       0.00533
  43   .001640        0.5334        0.0000        8.4850        8.4850       7.951525       0.00568
  42   .004480        0.5334        0.0000        8.4850        8.4850       7.951523       0.00605
  41    .01200        0.5334        0.0000        8.4850        8.4850       7.951517       0.00615
  40    .03000        0.5334        0.0000        8.4849        8.4849       7.951505       0.00604
  39    .06700        0.5334        0.0000        8.4849        8.4849       7.951478       0.00615
  38    0.1390        0.5334        0.0000        8.4849        8.4849       7.951425       0.00611
  37    0.2720        0.5334        0.0000        8.4848        8.4848       7.951329       0.00610
  36    0.5150        0.5334        0.0000        8.4846        8.4846       7.951151       0.00621
  35    0.9510        0.5334        0.0000        8.4842        8.4842       7.950782       0.00713
  34     1.290        0.5334        0.0000        8.4839        8.4839       7.950435       0.00864
  33     1.760        0.5334        0.0000        8.4833        8.4833       7.949860       0.01033
  32     2.410        0.5334        0.0000        8.4824        8.4824       7.948917       0.01225
  31     3.330        0.5334        0.0000        8.4808        8.4808       7.947403       0.01388
  30     4.640        0.5334        0.0000        8.4785        8.4785       7.945032       0.01528
  29     6.520        0.5334        0.0000        8.4749        8.4749       7.941418       0.01622
  28     9.300        0.5334        0.0000        8.4695        8.4695       7.936100       0.01614
  27     13.20        0.5334        0.0000        8.4621        8.4621       7.928655       0.01611
  26     19.07        0.5334        0.0000        8.4524        8.4524       7.918958       0.01394
  25     27.70        0.5334        0.0000        8.4405        8.4405       7.907102       0.01159
  24     32.20        0.5334        0.0000        8.4349        8.4349       7.901476       0.01055
  23     37.60        0.5334        0.0000        8.4283        8.4283       7.894867       0.01033
  22     43.70        0.5334        0.0000        8.4204        8.4204       7.886939       0.01097
  21     51.00        0.5334        0.0000        8.4106        8.4106       7.877163       0.01130
  20     59.50        0.5334        0.0000        8.3983        8.3983       7.864850       0.01222
  19     69.50        0.5335        0.0000        8.3827        8.3827       7.849260       0.01316
  18     81.20        0.5335        0.0000        8.3631        8.3631       7.829625       0.01416
  17     95.00        0.5335        0.0000        8.3387        8.3387       7.805258       0.01490
  16     111.0        0.5335        0.0000        8.3082        8.3083       7.774771       0.01608
  15     130.0        0.5335        0.0001        8.2719        8.2720       7.738454       0.01613
  14     153.0        0.5336        0.0001        8.2293        8.2294       7.695779       0.01566
  13     179.0        0.5336        0.0001        8.1803        8.1803       7.646674       0.01594
  12     209.0        0.5338        0.0001        8.1237        8.1238       7.589993       0.01594
  11     243.0        0.5340        0.0001        8.0516        8.0517       7.517647       0.01796
  10     281.0        0.5345        0.0001        7.9542        7.9543       7.419792       0.02173
   9     324.0        0.5353        0.0001        7.8318        7.8319       7.296659       0.02417
   8     372.0        0.5365        0.0001        7.6853        7.6855       7.148946       0.02597
   7     426.0        0.5384        0.0001        7.4938        7.4940       6.955504       0.03023
   6     487.0        0.5415        0.0002        7.2274        7.2276       6.686143       0.03727
   5     554.0        0.5462        0.0002        6.8719        6.8720       6.325866       0.04538
   4     628.0        0.5543        0.0002        6.4002        6.4004       5.846091       0.05471
   3     710.0        0.5686        0.0002        5.8532        5.8534       5.284809       0.05777
   2     802.0        0.5951        0.0002        5.2421        5.2423       4.647203       0.05849
   1     902.0        0.6482        0.0002        4.5572        4.5574       3.909121       0.06229
   0    1013.0        0.7699        0.0002        3.8495        3.8497       3.079725       0.06306



 Wavenumbers:  3250. -  4000. cm-1, ATM      1
 LEVEL PRESSURE   UPWARD FLUX   DIFDOWN FLUX  DIRDOWN FLUX  DOWNWARD FLUX   NET FLUX    HEATING RATE
          mb          W/m2          W/m2          W/m2        W/m2          W/m2       degree/day
  47   .000061        0.0007        0.0000       14.3033       14.3033      14.302668       0.00000
  46   .000117        0.0007        0.0000       14.3033       14.3033      14.302660       1.29588
  45   .000258        0.0007        0.0000       14.3033       14.3033      14.302622       2.24485
  44   .000625        0.0007        0.0000       14.3031       14.3031      14.302476       3.36350
  43   .001640        0.0007        0.0000       14.3027       14.3027      14.301994       4.00917
  42   .004480        0.0007        0.0000       14.3013       14.3013      14.300666       3.94388
  41    .01200        0.0007        0.0000       14.2984       14.2984      14.297781       3.23792
  40    .03000        0.0007        0.0000       14.2940       14.2940      14.293313       2.09499
  39    .06700        0.0007        0.0000       14.2885       14.2885      14.287862       1.24320
  38    0.1390        0.0007        0.0000       14.2809       14.2809      14.280248       0.89243
  37    0.2720        0.0007        0.0000       14.2699       14.2699      14.269244       0.69826
  36    0.5150        0.0007        0.0000       14.2557       14.2557      14.255051       0.49288
  35    0.9510        0.0007        0.0000       14.2360       14.2360      14.235350       0.38133
  34     1.290        0.0007        0.0000       14.2228       14.2228      14.222120       0.32935
  33     1.760        0.0007        0.0000       14.2071       14.2071      14.206408       0.28213
  32     2.410        0.0007        0.0000       14.1888       14.1888      14.188153       0.23701
  31     3.330        0.0007        0.0000       14.1674       14.1674      14.166753       0.19630
  30     4.640        0.0007        0.0000       14.1413       14.1413      14.140607       0.16844
  29     6.520        0.0007        0.0000       14.1068       14.1068      14.106113       0.15484
  28     9.300        0.0006        0.0000       14.0570       14.0570      14.056320       0.15115
  27     13.20        0.0006        0.0000       13.9812       13.9812      13.980541       0.16398
  26     19.07        0.0006        0.0000       13.8646       13.8646      13.863982       0.16757
  25     27.70        0.0006        0.0000       13.6884       13.6885      13.687847       0.17224
  24     32.20        0.0006        0.0000       13.5984       13.5984      13.597791       0.16889
  23     37.60        0.0006        0.0001       13.4974       13.4974      13.496799       0.15783
  22     43.70        0.0006        0.0001       13.3864       13.3865      13.385876       0.15346
  21     51.00        0.0006        0.0001       13.2673       13.2674      13.266802       0.13766
  20     59.50        0.0006        0.0001       13.1404       13.1405      13.139927       0.12597
  19     69.50        0.0006        0.0001       13.0048       13.0049      13.004365       0.11440
  18     81.20        0.0006        0.0001       12.8556       12.8557      12.855173       0.10761
  17     95.00        0.0005        0.0001       12.6869       12.6870      12.686479       0.10316
  16     111.0        0.0005        0.0001       12.4849       12.4850      12.484508       0.10653
  15     130.0        0.0005        0.0002       12.2554       12.2556      12.255105       0.10189
  14     153.0        0.0005        0.0002       11.9886       11.9888      11.988314       0.09789
  13     179.0        0.0004        0.0002       11.6656       11.6658      11.665393       0.10481
  12     209.0        0.0004        0.0002       11.1686       11.1688      11.168422       0.13980
  11     243.0        0.0004        0.0003       10.3845       10.3848      10.384414       0.19460
  10     281.0        0.0003        0.0003        9.2421        9.2423       9.241968       0.25372
   9     324.0        0.0003        0.0003        7.9740        7.9742       7.973931       0.24886
   8     372.0        0.0003        0.0002        6.7351        6.7354       6.735103       0.21781
   7     426.0        0.0003        0.0002        5.5376        5.5378       5.537556       0.18715
   6     487.0        0.0002        0.0002        4.4782        4.4784       4.478123       0.14657
   5     554.0        0.0002        0.0002        3.5195        3.5197       3.519440       0.12075
   4     628.0        0.0003        0.0001        2.5830        2.5831       2.582859       0.10681
   3     710.0        0.0003        0.0001        1.6743        1.6744       1.674057       0.09353
   2     802.0        0.0006        0.0001        0.9011        0.9011       0.900526       0.07096
   1     902.0        0.0020        0.0000        0.3653        0.3653       0.363357       0.04533
   0    1013.0        0.0163        0.0000        0.0816        0.0816       0.065251       0.02266



 Wavenumbers:  4000. -  4650. cm-1, ATM      1
 LEVEL PRESSURE   UPWARD FLUX   DIFDOWN FLUX  DIRDOWN FLUX  DOWNWARD FLUX   NET FLUX    HEATING RATE
          mb          W/m2          W/m2          W/m2        W/m2          W/m2       degree/day
  47   .000061        2.0237        0.0000       16.7953       16.7953      14.771585       0.00000
  46   .000117        2.0237        0.0000       16.7953       16.7953      14.771585       0.00058
  45   .000258        2.0237        0.0000       16.7953       16.7953      14.771585       0.00062
  44   .000625        2.0237        0.0000       16.7953       16.7953      14.771585       0.00067
  43   .001640        2.0237        0.0000       16.7953       16.7953      14.771585       0.00071
  42   .004480        2.0237        0.0000       16.7953       16.7953      14.771585       0.00075
  41    .01200        2.0237        0.0000       16.7953       16.7953      14.771584       0.00077
  40    .03000        2.0237        0.0000       16.7953       16.7953      14.771582       0.00075
  39    .06700        2.0237        0.0000       16.7953       16.7953      14.771579       0.00077
  38    0.1390        2.0237        0.0000       16.7953       16.7953      14.771572       0.00076
  37    0.2720        2.0237        0.0000       16.7953       16.7953      14.771560       0.00076
  36    0.5150        2.0237        0.0000       16.7953       16.7953      14.771538       0.00078
  35    0.9510        2.0237        0.0000       16.7952       16.7952      14.771492       0.00089
  34     1.290        2.0237        0.0000       16.7952       16.7952      14.771448       0.00109
  33     1.760        2.0237        0.0000       16.7951       16.7951      14.771375       0.00131
  32     2.410        2.0237        0.0000       16.7950       16.7950      14.771253       0.00158
  31     3.330        2.0237        0.0000       16.7948       16.7948      14.771052       0.00184
  30     4.640        2.0237        0.0000       16.7944       16.7944      14.770724       0.00211
  29     6.520        2.0237        0.0000       16.7939       16.7939      14.770192       0.00239
  28     9.300        2.0237        0.0000       16.7930       16.7930      14.769326       0.00263
  27     13.20        2.0237        0.0001       16.7915       16.7916      14.767910       0.00307
  26     19.07        2.0237        0.0001       16.7892       16.7893      14.765586       0.00334
  25     27.70        2.0236        0.0001       16.7853       16.7854      14.761769       0.00373
  24     32.20        2.0236        0.0001       16.7831       16.7832      14.759556       0.00415
  23     37.60        2.0236        0.0001       16.7802       16.7803      14.756690       0.00448
  22     43.70        2.0236        0.0002       16.7765       16.7766      14.753015       0.00508
  21     51.00        2.0236        0.0002       16.7718       16.7720      14.748356       0.00539
  20     59.50        2.0236        0.0002       16.7659       16.7661      14.742540       0.00577
  19     69.50        2.0236        0.0003       16.7587       16.7590      14.735398       0.00603
  18     81.20        2.0236        0.0003       16.7500       16.7504      14.726744       0.00624
  17     95.00        2.0236        0.0004       16.7396       16.7400      14.716364       0.00635
  16     111.0        2.0237        0.0004       16.7268       16.7272      14.703559       0.00675
  15     130.0        2.0237        0.0005       16.7116       16.7121      14.688346       0.00676
  14     153.0        2.0238        0.0006       16.6933       16.6939      14.670105       0.00669
  13     179.0        2.0240        0.0007       16.6712       16.6719      14.647958       0.00719
  12     209.0        2.0243        0.0008       16.6433       16.6441      14.619806       0.00792
  11     243.0        2.0248        0.0010       16.6025       16.6035      14.578643       0.01022
  10     281.0        2.0259        0.0011       16.5373       16.5384      14.512510       0.01469
   9     324.0        2.0276        0.0013       16.4429       16.4441      14.416504       0.01884
   8     372.0        2.0303        0.0014       16.3116       16.3130      14.282677       0.02353
   7     426.0        2.0341        0.0016       16.1178       16.1195      14.085407       0.03083
   6     487.0        2.0392        0.0018       15.8455       15.8473      13.808105       0.03836
   5     554.0        2.0466        0.0020       15.5047       15.5068      13.460120       0.04383
   4     628.0        2.0585        0.0022       15.0896       15.0919      13.033330       0.04867
   3     710.0        2.0793        0.0024       14.5518       14.5542      12.474888       0.05747
   2     802.0        2.1183        0.0026       13.7844       13.7870      11.668706       0.07395
   1     902.0        2.1961        0.0027       12.8214       12.8241      10.628034       0.08782
   0    1013.0        2.3681        0.0028       11.8377       11.8406       9.472441       0.08786



 Wavenumbers:  4650. -  5150. cm-1, ATM      1
 LEVEL PRESSURE   UPWARD FLUX   DIFDOWN FLUX  DIRDOWN FLUX  DOWNWARD FLUX   NET FLUX    HEATING RATE
          mb          W/m2          W/m2          W/m2        W/m2          W/m2       degree/day
  47   .000061        1.4730        0.0000       15.8958       15.8958      14.422848       0.00000
  46   .000117        1.4730        0.0000       15.8958       15.8958      14.422848       0.04731
  45   .000258        1.4730        0.0000       15.8958       15.8958      14.422847       0.08270
  44   .000625        1.4730        0.0000       15.8958       15.8958      14.422841       0.12510
  43   .001640        1.4730        0.0000       15.8958       15.8958      14.422823       0.15299
  42   .004480        1.4730        0.0000       15.8957       15.8957      14.422768       0.16341
  41    .01200        1.4730        0.0000       15.8956       15.8956      14.422620       0.16588
  40    .03000        1.4730        0.0000       15.8952       15.8952      14.422269       0.16465
  39    .06700        1.4730        0.0000       15.8945       15.8945      14.421536       0.16725
  38    0.1390        1.4730        0.0000       15.8931       15.8931      14.420134       0.16433
  37    0.2720        1.4729        0.0000       15.8905       15.8905      14.417598       0.16088
  36    0.5150        1.4729        0.0000       15.8861       15.8861      14.413190       0.15310
  35    0.9510        1.4729        0.0000       15.8787       15.8787      14.405790       0.14323
  34     1.290        1.4729        0.0000       15.8734       15.8735      14.400512       0.13139
  33     1.760        1.4729        0.0000       15.8668       15.8668      14.393832       0.11995
  32     2.410        1.4729        0.0000       15.8585       15.8585      14.385551       0.10752
  31     3.330        1.4729        0.0000       15.8485       15.8486      14.375621       0.09108
  30     4.640        1.4729        0.0000       15.8371       15.8372      14.364221       0.07344
  29     6.520        1.4729        0.0000       15.8247       15.8247      14.351777       0.05586
  28     9.300        1.4729        0.0001       15.8114       15.8114      14.338510       0.04027
  27     13.20        1.4729        0.0001       15.7965       15.7966      14.323688       0.03207
  26     19.07        1.4729        0.0001       15.7769       15.7770      14.304114       0.02814
  25     27.70        1.4729        0.0002       15.7456       15.7457      14.272860       0.03056
  24     32.20        1.4729        0.0002       15.7274       15.7276      14.254749       0.03396
  23     37.60        1.4729        0.0002       15.7047       15.7050      14.232054       0.03547
  22     43.70        1.4729        0.0003       15.6763       15.6766      14.203648       0.03930
  21     51.00        1.4729        0.0003       15.6410       15.6413      14.168342       0.04082
  20     59.50        1.4730        0.0004       15.5974       15.5977      14.124752       0.04328
  19     69.50        1.4730        0.0004       15.5440       15.5444      14.071405       0.04502
  18     81.20        1.4731        0.0005       15.4797       15.4802      14.007103       0.04638
  17     95.00        1.4732        0.0006       15.4036       15.4042      13.930928       0.04658
  16     111.0        1.4734        0.0006       15.3154       15.3160      13.842630       0.04657
  15     130.0        1.4736        0.0008       15.2155       15.2163      13.742638       0.04441
  14     153.0        1.4740        0.0009       15.1045       15.1053      13.631375       0.04082
  13     179.0        1.4744        0.0010       14.9837       14.9847      13.510289       0.03930
  12     209.0        1.4751        0.0012       14.8558       14.8570      13.381918       0.03611
  11     243.0        1.4761        0.0014       14.7197       14.7210      13.244971       0.03399
  10     281.0        1.4777        0.0015       14.5663       14.5678      13.090173       0.03438
   9     324.0        1.4802        0.0018       14.3843       14.3860      12.905818       0.03618
   8     372.0        1.4839        0.0020       14.1655       14.1675      12.683598       0.03907
   7     426.0        1.4894        0.0022       13.8941       13.8964      12.406958       0.04323
   6     487.0        1.4974        0.0025       13.5508       13.5532      12.055834       0.04858
   5     554.0        1.5092        0.0027       13.1182       13.1209      11.611712       0.05594
   4     628.0        1.5275        0.0030       12.5660       12.5690      11.041431       0.06504
   3     710.0        1.5575        0.0032       11.8773       11.8805      10.322951       0.07394
   2     802.0        1.6086        0.0033       11.0752       11.0786       9.469926       0.07825
   1     902.0        1.7011        0.0035       10.2086       10.2120       8.510938       0.08093
   0    1013.0        1.8718        0.0036        9.3557        9.3592       7.487373       0.07782



 Wavenumbers:  5150. -  6150. cm-1, ATM      1
 LEVEL PRESSURE   UPWARD FLUX   DIFDOWN FLUX  DIRDOWN FLUX  DOWNWARD FLUX   NET FLUX    HEATING RATE
          mb          W/m2          W/m2          W/m2        W/m2          W/m2       degree/day
  47   .000061        3.5749        0.0000       39.8483       39.8483      36.273389       0.00000
  46   .000117        3.5749        0.0000       39.8483       39.8483      36.273389       0.00284
  45   .000258        3.5749        0.0000       39.8483       39.8483      36.273389       0.00327
  44   .000625        3.5749        0.0000       39.8483       39.8483      36.273389       0.00412
  43   .001640        3.5749        0.0000       39.8483       39.8483      36.273388       0.00599
  42   .004480        3.5749        0.0000       39.8482       39.8482      36.273385       0.00921
  41    .01200        3.5749        0.0000       39.8482       39.8482      36.273372       0.01420
  40    .03000        3.5749        0.0000       39.8482       39.8482      36.273329       0.02032
  39    .06700        3.5749        0.0000       39.8481       39.8481      36.273210       0.02708
  38    0.1390        3.5749        0.0000       39.8478       39.8478      36.272932       0.03263
  37    0.2720        3.5749        0.0000       39.8472       39.8472      36.272337       0.03772
  36    0.5150        3.5749        0.0000       39.8460       39.8460      36.271157       0.04100
  35    0.9510        3.5748        0.0000       39.8438       39.8438      36.268938       0.04295
  34     1.290        3.5748        0.0000       39.8420       39.8420      36.267205       0.04314
  33     1.760        3.5748        0.0000       39.8396       39.8397      36.264839       0.04248
  32     2.410        3.5748        0.0001       39.8364       39.8364      36.261610       0.04193
  31     3.330        3.5748        0.0001       39.8319       39.8320      36.257237       0.04011
  30     4.640        3.5748        0.0001       39.8259       39.8260      36.251251       0.03856
  29     6.520        3.5747        0.0002       39.8175       39.8177      36.242907       0.03745
  28     9.300        3.5747        0.0003       39.8057       39.8059      36.231221       0.03547
  27     13.20        3.5746        0.0004       39.7894       39.7898      36.215121       0.03484
  26     19.07        3.5746        0.0005       39.7675       39.7680      36.193449       0.03116
  25     27.70        3.5745        0.0008       39.7386       39.7393      36.164857       0.02796
  24     32.20        3.5744        0.0009       39.7248       39.7257      36.151288       0.02545
  23     37.60        3.5744        0.0010       39.7098       39.7108      36.136477       0.02315
  22     43.70        3.5743        0.0012       39.6936       39.6948      36.120478       0.02213
  21     51.00        3.5742        0.0014       39.6761       39.6775      36.103238       0.01993
  20     59.50        3.5742        0.0016       39.6570       39.6587      36.084462       0.01864
  19     69.50        3.5741        0.0019       39.6362       39.6380      36.063898       0.01735
  18     81.20        3.5741        0.0022       39.6131       39.6153      36.041189       0.01638
  17     95.00        3.5740        0.0026       39.5870       39.5896      36.015568       0.01567
  16     111.0        3.5739        0.0030       39.5573       39.5603      35.986306       0.01543
  15     130.0        3.5739        0.0035       39.5232       39.5267      35.952861       0.01486
  14     153.0        3.5738        0.0041       39.4778       39.4819      35.908059       0.01644
  13     179.0        3.5737        0.0048       39.4063       39.4111      35.837319       0.02296
  12     209.0        3.5737        0.0056       39.2421       39.2477      35.673992       0.04594
  11     243.0        3.5737        0.0064       38.8025       38.8089      35.235189       0.10892
  10     281.0        3.5739        0.0072       37.7671       37.7743      34.200411       0.22981
   9     324.0        3.5744        0.0080       36.3644       36.3723      32.797930       0.27525
   8     372.0        3.5753        0.0088       34.8481       34.8568      31.281523       0.26661
   7     426.0        3.5769        0.0095       32.9629       32.9724      29.395519       0.29475
   6     487.0        3.5794        0.0101       30.8216       30.8317      27.252310       0.29651
   5     554.0        3.5838        0.0108       28.5999       28.6107      25.026815       0.28032
   4     628.0        3.5924        0.0114       26.3382       26.3495      22.757147       0.25884
   3     710.0        3.6101        0.0120       24.3012       24.3132      20.703154       0.21139
   2     802.0        3.6484        0.0128       22.6771       22.6899      19.041448       0.15243
   1     902.0        3.7369        0.0136       21.2885       21.3021      17.565181       0.12458
   0    1013.0        3.9743        0.0143       19.8572       19.8716      15.897242       0.12681



 Wavenumbers:  6150. -  7700. cm-1, ATM      1
 LEVEL PRESSURE   UPWARD FLUX   DIFDOWN FLUX  DIRDOWN FLUX  DOWNWARD FLUX   NET FLUX    HEATING RATE
          mb          W/m2          W/m2          W/m2        W/m2          W/m2       degree/day
  47   .000061        5.3938        0.0000       73.7105       73.7105      68.316695       0.00000
  46   .000117        5.3938        0.0000       73.7105       73.7105      68.316695       0.00609
  45   .000258        5.3938        0.0000       73.7105       73.7105      68.316694       0.00890
  44   .000625        5.3938        0.0000       73.7105       73.7105      68.316694       0.01264
  43   .001640        5.3938        0.0000       73.7105       73.7105      68.316692       0.01643
  42   .004480        5.3938        0.0000       73.7105       73.7105      68.316685       0.02041
  41    .01200        5.3938        0.0000       73.7105       73.7105      68.316662       0.02568
  40    .03000        5.3938        0.0000       73.7104       73.7104      68.316594       0.03201
  39    .06700        5.3938        0.0000       73.7102       73.7102      68.316421       0.03940
  38    0.1390        5.3938        0.0000       73.7098       73.7098      68.316035       0.04530
  37    0.2720        5.3938        0.0000       73.7090       73.7090      68.315233       0.05086
  36    0.5150        5.3938        0.0001       73.7074       73.7074      68.313667       0.05440
  35    0.9510        5.3937        0.0001       73.7044       73.7045      68.310741       0.05663
  34     1.290        5.3937        0.0001       73.7020       73.7021      68.308458       0.05683
  33     1.760        5.3936        0.0002       73.6988       73.6990      68.305339       0.05601
  32     2.410        5.3936        0.0003       73.6944       73.6946      68.301066       0.05547
  31     3.330        5.3935        0.0004       73.6884       73.6887      68.295239       0.05345
  30     4.640        5.3934        0.0005       73.6800       73.6806      68.287203       0.05177
  29     6.520        5.3932        0.0007       73.6684       73.6691      68.275932       0.05059
  28     9.300        5.3929        0.0010       73.6519       73.6529      68.260005       0.04835
  27     13.20        5.3925        0.0015       73.6288       73.6303      68.237741       0.04818
  26     19.07        5.3920        0.0022       73.5969       73.5991      68.207089       0.04407
  25     27.70        5.3912        0.0031       73.5534       73.5565      68.165379       0.04079
  24     32.20        5.3907        0.0036       73.5322       73.5358      68.145080       0.03807
  23     37.60        5.3902        0.0042       73.5085       73.5128      68.122547       0.03521
  22     43.70        5.3896        0.0049       73.4824       73.4874      68.097743       0.03432
  21     51.00        5.3889        0.0057       73.4537       73.4594      68.070496       0.03150
  20     59.50        5.3881        0.0067       73.4217       73.4284      68.040301       0.02998
  19     69.50        5.3872        0.0078       73.3861       73.3939      68.006715       0.02834
  18     81.20        5.3861        0.0091       73.3459       73.3551      67.969010       0.02720
  17     95.00        5.3848        0.0107       73.3001       73.3108      67.926044       0.02628
  16     111.0        5.3832        0.0125       73.2472       73.2597      67.876483       0.02614
  15     130.0        5.3814        0.0146       73.1860       73.2006      67.819151       0.02546
  14     153.0        5.3793        0.0170       73.1057       73.1227      67.743401       0.02779
  13     179.0        5.3769        0.0199       72.9835       73.0034      67.626559       0.03792
  12     209.0        5.3741        0.0232       72.7136       72.7367      67.362628       0.07425
  11     243.0        5.3711        0.0267       72.0486       72.0753      66.704181       0.16343
  10     281.0        5.3682        0.0302       70.6276       70.6578      65.289631       0.31415
   9     324.0        5.3655        0.0336       68.3057       68.3392      62.973731       0.45452
   8     372.0        5.3635        0.0370       65.6262       65.6632      60.299688       0.47014
   7     426.0        5.3629        0.0403       62.4758       62.5160      57.153136       0.49174
   6     487.0        5.3650        0.0431       58.6591       58.7022      53.337201       0.52792
   5     554.0        5.3721        0.0455       54.4475       54.4931      49.120998       0.53106
   4     628.0        5.3908        0.0474       49.7599       49.8073      44.416484       0.53651
   3     710.0        5.4351        0.0487       44.8376       44.8862      39.451173       0.51101
   2     802.0        5.5356        0.0495       40.0350       40.0844      34.548857       0.44969
   1     902.0        5.7657        0.0500       35.6080       35.6580      29.892326       0.39297
   0    1013.0        6.3602        0.0507       31.7504       31.8010      25.440810       0.33844



 Wavenumbers:  7700. -  8050. cm-1, ATM      1
 LEVEL PRESSURE   UPWARD FLUX   DIFDOWN FLUX  DIRDOWN FLUX  DOWNWARD FLUX   NET FLUX    HEATING RATE
          mb          W/m2          W/m2          W/m2        W/m2          W/m2       degree/day
  47   .000061        2.8644        0.0000       17.4216       17.4216      14.557169       0.00000
  46   .000117        2.8644        0.0000       17.4216       17.4216      14.557169       0.01026
  45   .000258        2.8644        0.0000       17.4216       17.4216      14.557169       0.01143
  44   .000625        2.8644        0.0000       17.4216       17.4216      14.557168       0.01284
  43   .001640        2.8644        0.0000       17.4216       17.4216      14.557166       0.01374
  42   .004480        2.8644        0.0000       17.4216       17.4216      14.557161       0.01435
  41    .01200        2.8644        0.0000       17.4216       17.4216      14.557148       0.01487
  40    .03000        2.8644        0.0000       17.4215       17.4215      14.557117       0.01488
  39    .06700        2.8644        0.0000       17.4215       17.4215      14.557050       0.01518
  38    0.1390        2.8644        0.0000       17.4214       17.4214      14.556921       0.01512
  37    0.2720        2.8645        0.0000       17.4211       17.4212      14.556682       0.01516
  36    0.5150        2.8645        0.0000       17.4207       17.4208      14.556248       0.01507
  35    0.9510        2.8646        0.0000       17.4200       17.4200      14.555465       0.01516
  34     1.290        2.8646        0.0001       17.4194       17.4195      14.554858       0.01510
  33     1.760        2.8647        0.0001       17.4186       17.4187      14.554023       0.01498
  32     2.410        2.8648        0.0001       17.4175       17.4176      14.552858       0.01513
  31     3.330        2.8649        0.0002       17.4160       17.4161      14.551217       0.01505
  30     4.640        2.8651        0.0002       17.4138       17.4140      14.548885       0.01502
  29     6.520        2.8654        0.0003       17.4106       17.4109      14.545543       0.01500
  28     9.300        2.8658        0.0004       17.4060       17.4065      14.540693       0.01472
  27     13.20        2.8664        0.0006       17.3994       17.4000      14.533637       0.01527
  26     19.07        2.8672        0.0009       17.3896       17.3906      14.523320       0.01483
  25     27.70        2.8685        0.0013       17.3753       17.3767      14.508143       0.01484
  24     32.20        2.8692        0.0015       17.3679       17.3694      14.500241       0.01482
  23     37.60        2.8700        0.0018       17.3592       17.3610      14.491007       0.01443
  22     43.70        2.8709        0.0021       17.3490       17.3511      14.480223       0.01492
  21     51.00        2.8720        0.0024       17.3372       17.3396      14.467632       0.01456
  20     59.50        2.8732        0.0028       17.3233       17.3262      14.452913       0.01461
  19     69.50        2.8748        0.0033       17.3072       17.3105      14.435702       0.01452
  18     81.20        2.8765        0.0038       17.2883       17.2921      14.415581       0.01451
  17     95.00        2.8786        0.0045       17.2662       17.2707      14.392066       0.01438
  16     111.0        2.8811        0.0052       17.2406       17.2458      14.364676       0.01445
  15     130.0        2.8841        0.0061       17.2108       17.2169      14.332867       0.01413
  14     153.0        2.8876        0.0071       17.1763       17.1834      14.295827       0.01359
  13     179.0        2.8917        0.0083       17.1362       17.1445      14.252783       0.01397
  12     209.0        2.8966        0.0097       17.0906       17.1003      14.203753       0.01379
  11     243.0        2.9022        0.0113       17.0397       17.0510      14.148841       0.01363
  10     281.0        2.9086        0.0130       16.9831       16.9961      14.087479       0.01363
   9     324.0        2.9161        0.0149       16.9201       16.9351      14.018954       0.01345
   8     372.0        2.9249        0.0171       16.8502       16.8673      13.942475       0.01345
   7     426.0        2.9351        0.0195       16.7725       16.7919      13.856838       0.01338
   6     487.0        2.9473        0.0221       16.6855       16.7076      13.760259       0.01336
   5     554.0        2.9619        0.0250       16.5874       16.6124      13.650459       0.01383
   4     628.0        2.9801        0.0282       16.4744       16.5025      13.522417       0.01460
   3     710.0        3.0037        0.0316       16.3394       16.3710      13.367307       0.01596
   2     802.0        3.0357        0.0352       16.1721       16.2073      13.171692       0.01794
   1     902.0        3.0810        0.0391       15.9596       15.9987      12.917648       0.02144
   0    1013.0        3.1468        0.0431       15.6908       15.7340      12.587182       0.02512



 Wavenumbers:  8050. - 12850. cm-1, ATM      1
 LEVEL PRESSURE   UPWARD FLUX   DIFDOWN FLUX  DIRDOWN FLUX  DOWNWARD FLUX   NET FLUX    HEATING RATE
          mb          W/m2          W/m2          W/m2        W/m2          W/m2       degree/day
  47   .000061       35.3843        0.0000      243.9594      243.9594     208.575170       0.00000
  46   .000117       35.3843        0.0000      243.9594      243.9594     208.575170       0.00000
  45   .000258       35.3843        0.0000      243.9594      243.9594     208.575170       0.00000
  44   .000625       35.3843        0.0000      243.9594      243.9594     208.575170       0.00000
  43   .001640       35.3843        0.0000      243.9594      243.9594     208.575170       0.00000
  42   .004480       35.3843        0.0000      243.9594      243.9594     208.575170       0.00000
  41    .01200       35.3842        0.0000      243.9594      243.9594     208.575170       0.00000
  40    .03000       35.3842        0.0001      243.9593      243.9594     208.575170       0.00000
  39    .06700       35.3842        0.0002      243.9592      243.9593     208.575170       0.00000
  38    0.1390       35.3840        0.0003      243.9589      243.9592     208.575170       0.00000
  37    0.2720       35.3838        0.0006      243.9584      243.9590     208.575170       0.00000
  36    0.5150       35.3834        0.0012      243.9574      243.9586     208.575170       0.00000
  35    0.9510       35.3827        0.0022      243.9557      243.9579     208.575170       0.00000
  34     1.290       35.3821        0.0030      243.9543      243.9573     208.575170       0.00000
  33     1.760       35.3814        0.0040      243.9525      243.9565     208.575170       0.00000
  32     2.410       35.3803        0.0055      243.9499      243.9555     208.575170       0.00000
  31     3.330       35.3788        0.0077      243.9463      243.9540     208.575170       0.00000
  30     4.640       35.3766        0.0106      243.9412      243.9518     208.575170       0.00000
  29     6.520       35.3736        0.0150      243.9338      243.9487     208.575170       0.00000
  28     9.300       35.3691        0.0212      243.9230      243.9442     208.575170       0.00000
  27     13.20       35.3625        0.0303      243.9074      243.9377     208.575170       0.00000
  26     19.07       35.3530        0.0436      243.8845      243.9282     208.575170       0.00000
  25     27.70       35.3389        0.0633      243.8507      243.9140     208.575170       0.00000
  24     32.20       35.3315        0.0736      243.8331      243.9067     208.575170       0.00000
  23     37.60       35.3229        0.0856      243.8124      243.8980     208.575170       0.00000
  22     43.70       35.3128        0.0997      243.7882      243.8879     208.575170       0.00000
  21     51.00       35.3009        0.1162      243.7599      243.8761     208.575170       0.00000
  20     59.50       35.2870        0.1356      243.7266      243.8622     208.575170       0.00000
  19     69.50       35.2707        0.1583      243.6876      243.8459     208.575170       0.00000
  18     81.20       35.2516        0.1850      243.6418      243.8268     208.575170       0.00000
  17     95.00       35.2291        0.2163      243.5880      243.8042     208.575170       0.00000
  16     111.0       35.2028        0.2530      243.5195      243.7725     208.569764       0.00285
  15     130.0       35.1720        0.2959      243.4394      243.7352     208.563264       0.00289
  14     153.0       35.1359        0.3462      243.3434      243.6897     208.553806       0.00347
  13     179.0       35.0935        0.4052      243.2251      243.6303     208.536848       0.00550
  12     209.0       35.0448        0.4730      243.0587      243.5318     208.486922       0.01404
  11     243.0       34.9902        0.5495      242.7440      243.2934     208.303234       0.04559
  10     281.0       34.9299        0.6348      242.0846      242.7194     207.789470       0.11410
   9     324.0       34.8648        0.7296      241.0250      241.7546     206.889800       0.17657
   8     372.0       34.7961        0.8345      239.6471      240.4816     205.685560       0.21172
   7     426.0       34.7266        0.9493      237.7670      238.7162     203.989578       0.26505
   6     487.0       34.6622        1.0735      235.1250      236.1986     201.536320       0.33940
   5     554.0       34.6128        1.2065      231.5370      232.7435     198.130676       0.42897
   4     628.0       34.6069        1.3445      226.4206      227.7651     193.158233       0.56707
   3     710.0       34.7035        1.4836      219.3177      220.8013     186.097807       0.72663
   2     802.0       35.0280        1.6194      210.1939      211.8133     176.785370       0.85423
   1     902.0       35.8511        1.7473      199.2936      201.0409     165.189867       0.97856
   0    1013.0       37.8575        1.8693      187.4184      189.2877     151.430190       1.04613



 Wavenumbers: 12850. - 16000. cm-1, ATM      1
 LEVEL PRESSURE   UPWARD FLUX   DIFDOWN FLUX  DIRDOWN FLUX  DOWNWARD FLUX   NET FLUX    HEATING RATE
          mb          W/m2          W/m2          W/m2        W/m2          W/m2       degree/day
  47   .000061       28.5281        0.0000      152.8657      152.8657     124.337587       0.00000
  46   .000117       28.5281        0.0000      152.8657      152.8657     124.337585       0.39578
  45   .000258       28.5281        0.0000      152.8657      152.8657     124.337577       0.45405
  44   .000625       28.5281        0.0000      152.8657      152.8657     124.337554       0.52499
  43   .001640       28.5281        0.0000      152.8656      152.8656     124.337486       0.56944
  42   .004480       28.5281        0.0000      152.8654      152.8654     124.337289       0.58532
  41    .01200       28.5281        0.0001      152.8648      152.8648     124.336770       0.58205
  40    .03000       28.5280        0.0001      152.8634      152.8636     124.335555       0.56962
  39    .06700       28.5279        0.0003      152.8606      152.8609     124.333016       0.57913
  38    0.1390       28.5277        0.0007      152.8551      152.8558     124.328068       0.57997
  37    0.2720       28.5275        0.0014      152.8450      152.8464     124.318902       0.58160
  36    0.5150       28.5272        0.0026      152.8273      152.8298     124.302636       0.56490
  35    0.9510       28.5272        0.0048      152.7969      152.8017     124.274505       0.54450
  34     1.290       28.5275        0.0064      152.7743      152.7808     124.253223       0.52981
  33     1.760       28.5286        0.0088      152.7438      152.7525     124.223925       0.52605
  32     2.410       28.5312        0.0120      152.7007      152.7127     124.181493       0.55091
  31     3.330       28.5369        0.0166      152.6373      152.6538     124.116956       0.59200
  30     4.640       28.5476        0.0231      152.5426      152.5657     124.018107       0.63679
  29     6.520       28.5646        0.0324      152.4058      152.4382     123.873529       0.64900
  28     9.300       28.5882        0.0458      152.2179      152.2637     123.675495       0.60116
  27     13.20       28.6174        0.0654      151.9710      152.0363     123.418984       0.55506
  26     19.07       28.6516        0.0940      151.6487      151.7427     123.091065       0.47144
  25     27.70       28.6890        0.1360      151.2347      151.3707     122.681672       0.40034
  24     32.20       28.7025        0.1579      151.0458      151.2037     122.501190       0.33847
  23     37.60       28.7132        0.1835      150.8479      151.0314     122.318258       0.28589
  22     43.70       28.7209        0.2134      150.6379      150.8513     122.130448       0.25983
  21     51.00       28.7248        0.2485      150.4158      150.6643     121.939435       0.22082
  20     59.50       28.7241        0.2895      150.1808      150.4703     121.746199       0.19185
  19     69.50       28.7168        0.3376      149.9362      150.2738     121.557012       0.15966
  18     81.20       28.6997        0.3941      149.6893      150.0834     121.383720       0.12499
  17     95.00       28.6719        0.4604      149.4377      149.8980     121.226097       0.09639
  16     111.0       28.6392        0.5383      149.1654      149.7037     121.064476       0.08525
  15     130.0       28.5977        0.6293      148.8660      149.4953     120.897626       0.07411
  14     153.0       28.5459        0.7358      148.5315      149.2672     120.721357       0.06468
  13     179.0       28.4803        0.8602      148.1590      149.0193     120.539007       0.05919
  12     209.0       28.3995        1.0030      147.7489      148.7519     120.352491       0.05247
  11     243.0       28.3049        1.1638      147.2909      148.4547     120.149795       0.05031
  10     281.0       28.1961        1.3440      146.7732      148.1172     119.921026       0.05081
   9     324.0       28.0731        1.5451      146.1820      147.7271     119.654008       0.05240
   8     372.0       27.9360        1.7687      145.5062      147.2749     119.338828       0.05541
   7     426.0       27.7853        2.0162      144.7307      146.7468     118.961485       0.05897
   6     487.0       27.6224        2.2892      143.8324      146.1216     118.499164       0.06396
   5     554.0       27.4504        2.5887      142.7804      145.3692     117.918775       0.07310
   4     628.0       27.2802        2.9147      141.4954      144.4101     117.129900       0.08997
   3     710.0       27.1293        3.2647      139.8846      143.1493     116.020026       0.11422
   2     802.0       27.0322        3.6342      137.8259      141.4601     114.427870       0.14605
   1     902.0       27.0533        4.0176      135.1995      139.2171     112.163867       0.19106
   0    1013.0       27.2888        4.4127      132.0313      136.4440     109.155173       0.22875



 Wavenumbers: 16000. - 22650. cm-1, ATM      1
 LEVEL PRESSURE   UPWARD FLUX   DIFDOWN FLUX  DIRDOWN FLUX  DOWNWARD FLUX   NET FLUX    HEATING RATE
          mb          W/m2          W/m2          W/m2        W/m2          W/m2       degree/day
  47   .000061       58.7671        0.0000      243.6963      243.6963     184.929171       0.00000
  46   .000117       58.7671        0.0000      243.6963      243.6963     184.929171       0.02119
  45   .000258       58.7671        0.0000      243.6963      243.6963     184.929170       0.05263
  44   .000625       58.7671        0.0000      243.6963      243.6963     184.929166       0.09605
  43   .001640       58.7671        0.0000      243.6962      243.6962     184.929151       0.12349
  42   .004480       58.7671        0.0001      243.6960      243.6962     184.929115       0.10766
  41    .01200       58.7669        0.0004      243.6956      243.6960     184.929067       0.05411
  40    .03000       58.7666        0.0009      243.6947      243.6956     184.928999       0.03170
  39    .06700       58.7660        0.0020      243.6928      243.6948     184.928784       0.04898
  38    0.1390       58.7650        0.0042      243.6887      243.6929     184.927938       0.09920
  37    0.2720       58.7633        0.0082      243.6803      243.6885     184.925172       0.17550
  36    0.5150       58.7608        0.0155      243.6631      243.6786     184.917737       0.25821
  35    0.9510       58.7579        0.0287      243.6271      243.6557     184.897855       0.38484
  34     1.290       58.7569        0.0389      243.5949      243.6337     184.876843       0.52307
  33     1.760       58.7574        0.0529      243.5446      243.5975     184.840136       0.65911
  32     2.410       58.7617        0.0725      243.4627      243.5352     184.773510       0.86502
  31     3.330       58.7742        0.1000      243.3263      243.4263     184.652103       1.11367
  30     4.640       58.8006        0.1391      243.1050      243.2441     184.443557       1.34347
  29     6.520       58.8443        0.1951      242.7696      242.9647     184.120435       1.45046
  28     9.300       58.9038        0.2763      242.2971      242.5733     183.669584       1.36863
  27     13.20       58.9733        0.3941      241.6676      242.0617     183.088424       1.25756
  26     19.07       59.0478        0.5662      240.8386      241.4048     182.357064       1.05146
  25     27.70       59.1145        0.8190      239.7619      240.5809     181.466349       0.87102
  24     32.20       59.1297        0.9506      239.2648      240.2154     181.085670       0.71391
  23     37.60       59.1307        1.1043      238.7373      239.8417     180.710935       0.58564
  22     43.70       59.1164        1.2839      238.1702      239.4542     180.337769       0.51626
  21     51.00       59.0829        1.4937      237.5603      239.0541     179.971117       0.42387
  20     59.50       59.0262        1.7391      236.9014      238.6406     179.614380       0.35418
  19     69.50       58.9384        2.0263      236.1956      238.2220     179.283531       0.27921
  18     81.20       58.8079        2.3627      235.4538      237.8165     179.008621       0.19829
  17     95.00       58.6294        2.7565      234.6614      237.4179     178.788465       0.13463
  16     111.0       58.4077        3.2157      233.7760      236.9917     178.584005       0.10784
  15     130.0       58.1392        3.7493      232.7721      236.5214     178.382194       0.08964
  14     153.0       57.8156        4.3712      231.6241      235.9953     178.179667       0.07431
  13     179.0       57.4230        5.0945      230.3241      235.4186     177.995616       0.05974
  12     209.0       56.9561        5.9191      228.8822      234.8012     177.845165       0.04232
  11     243.0       56.4182        6.8416      227.2902      234.1318     177.713589       0.03266
  10     281.0       55.8036        7.8679      225.5347      233.4027     177.599095       0.02543
   9     324.0       55.1064        9.0042      223.5982      232.6024     177.495954       0.02024
   8     372.0       54.3211       10.2561      221.4613      231.7174     177.396293       0.01752
   7     426.0       53.4400       11.6284      219.1096      230.7380     177.298028       0.01536
   6     487.0       52.4540       13.1268      216.5248      229.6516     177.197594       0.01389
   5     554.0       51.3538       14.7556      213.6882      228.4438     177.090021       0.01355
   4     628.0       50.1323       16.5156      210.5780      227.0935     176.961277       0.01468
   3     710.0       48.7830       18.4050      207.1693      225.5743     176.791370       0.01749
   2     802.0       47.3005       20.4214      203.4247      223.8461     176.545525       0.02255
   1     902.0       45.6806       22.5613      199.2922      221.8535     176.172879       0.03145
   0    1013.0       43.9140       24.8200      194.7501      219.5702     175.656154       0.03929



 Wavenumbers: 22650. - 29000. cm-1, ATM      1
 LEVEL PRESSURE   UPWARD FLUX   DIFDOWN FLUX  DIRDOWN FLUX  DOWNWARD FLUX   NET FLUX    HEATING RATE
          mb          W/m2          W/m2          W/m2        W/m2          W/m2       degree/day
  47   .000061       31.3336        0.0000       92.0266       92.0266      60.692973       0.00000
  46   .000117       31.3336        0.0000       92.0266       92.0266      60.692973       0.00000
  45   .000258       31.3336        0.0000       92.0266       92.0266      60.692973       0.00000
  44   .000625       31.3336        0.0000       92.0266       92.0266      60.692973       0.00000
  43   .001640       31.3336        0.0001       92.0265       92.0266      60.692973       0.00000
  42   .004480       31.3335        0.0002       92.0264       92.0265      60.692973       0.00000
  41    .01200       31.3334        0.0004       92.0260       92.0264      60.692973       0.00000
  40    .03000       31.3331        0.0010       92.0251       92.0261      60.692973       0.00000
  39    .06700       31.3326        0.0023       92.0232       92.0255      60.692973       0.00000
  38    0.1390       31.3314        0.0048       92.0196       92.0244      60.692973       0.00000
  37    0.2720       31.3293        0.0094       92.0129       92.0223      60.692973       0.00000
  36    0.5150       31.3255        0.0177       92.0007       92.0185      60.692973       0.00000
  35    0.9510       31.3186        0.0328       91.9788       92.0116      60.692973       0.00000
  34     1.290       31.3132        0.0445       91.9617       92.0062      60.692973       0.00000
  33     1.760       31.3059        0.0605       91.9383       91.9989      60.692973       0.00000
  32     2.410       31.2956        0.0829       91.9056       91.9886      60.692973       0.00000
  31     3.330       31.2811        0.1145       91.8596       91.9741      60.692973       0.00000
  30     4.640       31.2605        0.1593       91.7942       91.9535      60.692973       0.00000
  29     6.520       31.2310        0.2234       91.7005       91.9240      60.692973       0.00000
  28     9.300       31.1881        0.3164       91.5647       91.8811      60.692973       0.00000
  27     13.20       31.1256        0.4515       91.3670       91.8185      60.692973       0.00000
  26     19.07       31.0339        0.6486       91.0783       91.7269      60.692973       0.00000
  25     27.70       30.8986        0.9377       90.6539       91.5916      60.692973       0.00000
  24     32.20       30.8279        1.0878       90.4331       91.5209      60.692973       0.00000
  23     37.60       30.7451        1.2628       90.1752       91.4380      60.692973       0.00000
  22     43.70       30.6480        1.4667       89.8743       91.3410      60.692973       0.00000
  21     51.00       30.5344        1.7040       89.5234       91.2274      60.692973       0.00000
  20     59.50       30.4010        1.9805       89.1135       91.0940      60.692973       0.00000
  19     69.50       30.2443        2.3024       88.6349       90.9373      60.692973       0.00000
  18     81.20       30.0601        2.6768       88.0763       90.7531      60.692973       0.00000
  17     95.00       29.8436        3.1118       87.4248       90.5365      60.692973       0.00000
  16     111.0       29.5895        3.6147       86.6678       90.2825      60.692973       0.00000
  15     130.0       29.2921        4.1938       85.7913       89.9851      60.692973       0.00000
  14     153.0       28.9425        4.8610       84.7744       89.6354      60.692973       0.00000
  13     179.0       28.5318        5.6265       83.5983       89.2248      60.692973       0.00000
  12     209.0       28.0586        6.4849       82.2667       88.7516      60.692973       0.00000
  11     243.0       27.5223        7.4275       80.7877       88.2152      60.692973       0.00000
  10     281.0       26.9168        8.4542       79.1555       87.6097      60.692973       0.00000
   9     324.0       26.2352        9.5637       77.3645       86.9282      60.692973       0.00000
   8     372.0       25.4701       10.7527       75.4104       86.1631      60.692973       0.00000
   7     426.0       24.6136       12.0157       73.2909       85.3066      60.692973       0.00000
   6     487.0       23.6560       13.3458       71.0032       84.3490      60.692973       0.00000
   5     554.0       22.5871       14.7329       68.5472       83.2800      60.692973       0.00000
   4     628.0       21.3969       16.1623       65.9276       82.0899      60.692973       0.00000
   3     710.0       20.0750       17.6147       63.1533       80.7680      60.692973       0.00000
   2     802.0       18.6085       19.0715       60.2299       79.3015      60.692973       0.00000
   1     902.0       16.9806       20.5081       57.1654       77.6735      60.692973       0.00000
   0    1013.0       15.1732       21.8958       53.9704       75.8662      60.692973       0.00000



 Wavenumbers: 29000. - 38000. cm-1, ATM      1
 LEVEL PRESSURE   UPWARD FLUX   DIFDOWN FLUX  DIRDOWN FLUX  DOWNWARD FLUX   NET FLUX    HEATING RATE
          mb          W/m2          W/m2          W/m2        W/m2          W/m2       degree/day
  47   .000061        6.6086        0.0000       32.4793       32.4793      25.870757       0.00000
  46   .000117        6.6086        0.0000       32.4793       32.4793      25.870751       0.87325
  45   .000258        6.6086        0.0000       32.4793       32.4793      25.870715       2.15495
  44   .000625        6.6085        0.0000       32.4791       32.4791      25.870545       3.91328
  43   .001640        6.6085        0.0000       32.4784       32.4785      25.869942       5.01411
  42   .004480        6.6085        0.0001       32.4768       32.4770      25.868473       4.36620
  41    .01200        6.6083        0.0003       32.4745       32.4749      25.866516       2.19615
  40    .03000        6.6080        0.0008       32.4709       32.4718      25.863763       1.29082
  39    .06700        6.6073        0.0019       32.4604       32.4623      25.854975       2.00436
  38    0.1390        6.6061        0.0039       32.4225       32.4263      25.820269       4.06795
  37    0.2720        6.6041        0.0075       32.3044       32.3119      25.707862       7.13248
  36    0.5150        6.6011        0.0140       32.0041       32.0181      25.417076      10.09870
  35    0.9510        6.5972        0.0249       31.2908       31.3158      24.718555      13.52045
  34     1.290        6.5955        0.0327       30.6516       30.6843      24.088784      15.67767
  33     1.760        6.5949        0.0425       29.7489       29.7914      23.196484      16.02181
  32     2.410        6.5970        0.0550       28.5693       28.6243      22.027317      15.17965
  31     3.330        6.6051        0.0713       27.2026       27.2739      20.668816      12.46151
  30     4.640        6.6232        0.0930       25.7741       25.8670      19.243818       9.17997
  29     6.520        6.6544        0.1225       24.3696       24.4921      17.837758       6.31167
  28     9.300        6.6991        0.1638       23.0588       23.2226      16.523545       3.98951
  27     13.20        6.7566        0.2221       21.8544       22.0765      15.319887       2.60458
  26     19.07        6.8291        0.3041       20.7106       21.0147      14.185572       1.63078
  25     27.70        6.9185        0.4206       19.6063       20.0269      13.108447       1.05330
  24     32.20        6.9556        0.4803       19.1854       19.6656      12.710028       0.74718
  23     37.60        6.9892        0.5497       18.7835       19.3331      12.343898       0.57219
  22     43.70        7.0197        0.6301       18.3894       19.0195      11.999750       0.47612
  21     51.00        7.0453        0.7232       18.0004       18.7236      11.678294       0.37162
  20     59.50        7.0644        0.8313       17.6122       18.4434      11.379021       0.29713
  19     69.50        7.0720        0.9565       17.2265       18.1831      11.111042       0.22615
  18     81.20        7.0597        1.1033       16.8517       17.9550      10.895318       0.15560
  17     95.00        7.0249        1.2747       16.4772       17.7519      10.726958       0.10296
  16     111.0        6.9731        1.4724       16.0797       17.5521      10.578966       0.07806
  15     130.0        6.9053        1.6880       15.6458       17.3338      10.428473       0.06684
  14     153.0        6.8210        1.9387       15.1680       17.1067      10.285705       0.05238
  13     179.0        6.7123        2.2219       14.6494       16.8712      10.158891       0.04116
  12     209.0        6.5754        2.5324       14.0988       16.6313      10.055873       0.02898
  11     243.0        6.4134        2.8644       13.5156       16.3800       9.966554       0.02217
  10     281.0        6.2245        3.2155       12.8992       16.1148       9.890299       0.01694
   9     324.0        6.0071        3.5809       12.2497       15.8307       9.823516       0.01311
   8     372.0        5.7604        3.9546       11.5673       15.5219       9.761531       0.01090
   7     426.0        5.4817        4.3309       10.8552       15.1860       9.704370       0.00893
   6     487.0        5.1677        4.7015       10.1180       14.8195       9.651717       0.00728
   5     554.0        4.8154        5.0582        9.3604       14.4186       9.603289       0.00610
   4     628.0        4.4216        5.3904        8.5891       13.9795       9.557889       0.00518
   3     710.0        3.9832        5.6862        7.8123       13.4985       9.515303       0.00438
   2     802.0        3.4956        5.9335        7.0380       12.9714       9.475783       0.00363
   1     902.0        2.9537        6.1211        6.2716       12.3928       9.439106       0.00310
   0    1013.0        2.3513        6.2327        5.5236       11.7563       9.405062       0.00259



 Wavenumbers: 38000. - 50000. cm-1, ATM      1
 LEVEL PRESSURE   UPWARD FLUX   DIFDOWN FLUX  DIRDOWN FLUX  DOWNWARD FLUX   NET FLUX    HEATING RATE
          mb          W/m2          W/m2          W/m2        W/m2          W/m2       degree/day
  47   .000061        0.0088        0.0000        2.0249        2.0249       2.016101       0.00000
  46   .000117        0.0088        0.0000        2.0249        2.0249       2.016097       0.62364
  45   .000258        0.0088        0.0000        2.0249        2.0249       2.016076       1.28115
  44   .000625        0.0088        0.0000        2.0248        2.0248       2.015980       2.19902
  43   .001640        0.0088        0.0000        2.0244        2.0244       2.015646       2.77801
  42   .004480        0.0088        0.0000        2.0236        2.0236       2.014818       2.46095
  41    .01200        0.0087        0.0001        2.0222        2.0223       2.013594       1.37320
  40    .03000        0.0086        0.0002        2.0201        2.0203       2.011631       0.92051
  39    .06700        0.0084        0.0004        2.0141        2.0145       2.006051       1.27272
  38    0.1390        0.0081        0.0009        1.9938        1.9947       1.986632       2.27613
  37    0.2720        0.0075        0.0016        1.9337        1.9353       1.927838       3.73055
  36    0.5150        0.0065        0.0028        1.7875        1.7903       1.783772       5.00330
  35    0.9510        0.0052        0.0040        1.4704        1.4744       1.469223       6.08835
  34     1.290        0.0044        0.0044        1.2191        1.2235       1.219060       6.22763
  33     1.760        0.0036        0.0043        0.9169        0.9212       0.917617       5.41259
  32     2.410        0.0028        0.0039        0.6157        0.6196       0.616776       3.90591
  31     3.330        0.0022        0.0033        0.3871        0.3904       0.388267       2.09611
  30     4.640        0.0017        0.0029        0.2417        0.2446       0.242914       0.93638
  29     6.520        0.0012        0.0024        0.1493        0.1517       0.150464       0.41500
  28     9.300        0.0008        0.0020        0.0895        0.0914       0.090564       0.18184
  27     13.20        0.0005        0.0014        0.0491        0.0506       0.050047       0.08767
  26     19.07        0.0003        0.0009        0.0230        0.0239       0.023626       0.03799
  25     27.70        0.0001        0.0004        0.0087        0.0091       0.008992       0.01431
  24     32.20        0.0001        0.0003        0.0055        0.0058       0.005737       0.00610
  23     37.60        0.0001        0.0002        0.0034        0.0036       0.003542       0.00343
  22     43.70        0.0000        0.0001        0.0020        0.0021       0.002093       0.00200
  21     51.00        0.0000        0.0001        0.0011        0.0012       0.001177       0.00106
  20     59.50        0.0000        0.0001        0.0006        0.0006       0.000623       0.00055
  19     69.50        0.0000        0.0000        0.0003        0.0003       0.000309       0.00026
  18     81.20        0.0000        0.0000        0.0001        0.0001       0.000144       0.00012
  17     95.00        0.0000        0.0000        0.0001        0.0001       0.000062       0.00005
  16     111.0        0.0000        0.0000        0.0000        0.0000       0.000023       0.00002
  15     130.0        0.0000        0.0000        0.0000        0.0000       0.000008       0.00001
  14     153.0        0.0000        0.0000        0.0000        0.0000       0.000002       0.00000
  13     179.0        0.0000        0.0000        0.0000        0.0000       0.000000       0.00000
  12     209.0        0.0000        0.0000        0.0000        0.0000       0.000000       0.00000
  11     243.0        0.0000        0.0000        0.0000        0.0000       0.000000       0.00000
  10     281.0        0.0000        0.0000        0.0000        0.0000       0.000000       0.00000
   9     324.0        0.0000        0.0000        0.0000        0.0000       0.000000       0.00000
   8     372.0        0.0000        0.0000        0.0000        0.0000       0.000000       0.00000
   7     426.0        0.0000        0.0000        0.0000        0.0000       0.000000       0.00000
   6     487.0        0.0000        0.0000        0.0000        0.0000       0.000000       0.00000
   5     554.0        0.0000        0.0000        0.0000        0.0000       0.000000       0.00000
   4     628.0        0.0000        0.0000        0.0000        0.0000       0.000000       0.00000
   3     710.0        0.0000        0.0000        0.0000        0.0000       0.000000       0.00000
   2     802.0        0.0000        0.0000        0.0000        0.0000       0.000000       0.00000
   1     902.0        0.0000        0.0000        0.0000        0.0000       0.000000       0.00000
   0    1013.0        0.0000        0.0000        0.0000        0.0000       0.000000       0.00000



 Wavenumbers:   820. -  2600. cm-1, ATM      1
 LEVEL PRESSURE   UPWARD FLUX   DIFDOWN FLUX  DIRDOWN FLUX  DOWNWARD FLUX   NET FLUX    HEATING RATE
          mb          W/m2          W/m2          W/m2        W/m2          W/m2       degree/day
  47   .000061        0.3820        0.0000        9.3605        9.3605       8.978507       0.00000
  46   .000117        0.3820        0.0000        9.3605        9.3605       8.978433      11.11666
  45   .000258        0.3820        0.0000        9.3602        9.3602       8.978163      16.16456
  44   .000625        0.3820        0.0000        9.3597        9.3597       8.977623      12.41137
  43   .001640        0.3820        0.0000        9.3590        9.3590       8.976975       5.38890
  42   .004480        0.3820        0.0000        9.3578        9.3578       8.975733       3.69168
  41    .01200        0.3820        0.0000        9.3560        9.3560       8.973973       1.97536
  40    .03000        0.3820        0.0000        9.3548        9.3548       8.972757       0.56982
  39    .06700        0.3820        0.0000        9.3531        9.3531       8.971083       0.38181
  38    0.1390        0.3820        0.0000        9.3492        9.3492       8.967147       0.46139
  37    0.2720        0.3820        0.0000        9.3421        9.3421       8.960026       0.45182
  36    0.5150        0.3820        0.0000        9.3318        9.3318       8.949729       0.35762
  35    0.9510        0.3820        0.0000        9.3153        9.3153       8.933224       0.31947
  34     1.290        0.3820        0.0000        9.3026        9.3026       8.920524       0.31614
  33     1.760        0.3820        0.0000        9.2856        9.2856       8.903523       0.30526
  32     2.410        0.3820        0.0000        9.2627        9.2627       8.880687       0.29649
  31     3.330        0.3820        0.0000        9.2317        9.2317       8.849684       0.28439
  30     4.640        0.3820        0.0000        9.1899        9.1899       8.807880       0.26930
  29     6.520        0.3820        0.0000        9.1342        9.1342       8.752181       0.25003
  28     9.300        0.3820        0.0000        9.0599        9.0599       8.677826       0.22572
  27     13.20        0.3820        0.0000        8.9625        8.9625       8.580472       0.21066
  26     19.07        0.3821        0.0000        8.8488        8.8488       8.466705       0.16356
  25     27.70        0.3821        0.0000        8.7439        8.7439       8.361833       0.10255
  24     32.20        0.3821        0.0000        8.7098        8.7098       8.327707       0.06400
  23     37.60        0.3821        0.0000        8.6795        8.6795       8.297466       0.04726
  22     43.70        0.3821        0.0000        8.6510        8.6510       8.268896       0.03953
  21     51.00        0.3821        0.0000        8.6213        8.6213       8.239183       0.03435
  20     59.50        0.3821        0.0000        8.5879        8.5879       8.205829       0.03312
  19     69.50        0.3821        0.0000        8.5494        8.5495       8.167332       0.03249
  18     81.20        0.3821        0.0000        8.5053        8.5053       8.123131       0.03188
  17     95.00        0.3822        0.0000        8.4541        8.4542       8.072004       0.03127
  16     111.0        0.3822        0.0000        8.3946        8.3946       8.012435       0.03142
  15     130.0        0.3822        0.0000        8.3255        8.3255       7.943335       0.03069
  14     153.0        0.3822        0.0000        8.2409        8.2409       7.858672       0.03106
  13     179.0        0.3823        0.0000        8.1317        8.1318       7.749474       0.03544
  12     209.0        0.3824        0.0000        7.9587        7.9588       7.576372       0.04869
  11     243.0        0.3826        0.0000        7.6454        7.6454       7.262851       0.07782
  10     281.0        0.3829        0.0000        7.2100        7.2100       6.827135       0.09676
   9     324.0        0.3835        0.0000        6.7885        6.7885       6.405044       0.08284
   8     372.0        0.3843        0.0000        6.3302        6.3303       5.945937       0.08072
   7     426.0        0.3856        0.0000        5.7812        5.7812       5.395604       0.08601
   6     487.0        0.3874        0.0000        5.2753        5.2754       4.887937       0.07023
   5     554.0        0.3902        0.0000        4.9324        4.9325       4.542331       0.04353
   4     628.0        0.3950        0.0000        4.6535        4.6535       4.258484       0.03237
   3     710.0        0.4049        0.0000        4.3004        4.3005       3.895581       0.03735
   2     802.0        0.4256        0.0000        3.8655        3.8656       3.439923       0.04180
   1     902.0        0.4709        0.0000        3.3937        3.3938       2.922865       0.04364
   0    1013.0        0.5743        0.0000        2.8714        2.8714       2.297143       0.04757

  Modules and versions used in this calculation:

       rrtmg_sw.1col.f90:  $Revision: 32245 $            rrtmg_sw_init.f90:  $Revision: 30822 $
     rrtmgsw_cldprop.f90:  $Revision: 29812 $          rrtmgsw_cldprmc.f90:  NOT USED          
     rrtmg_sw_reftra.f90:  $Revision: 29812 $          rrtmg_sw_spcvrt.f90:  NOT USED          
     rrtmg_sw_spcvmc.f90:  NOT USED                    rrtmgsw_setcoef.f90:  NOT USED          
     rrtmg_sw_taumol.f90:  $Revision: 30822 $          rrtmg_sw_vrtqdr.f90:  NOT USED          
                rrtatm.f:  NOT USED                             util_xxx.f:  NOT USED          
                 extra.f:  NOT USED                       rrtmg_sw_k_g.f90:  $Revision: 30822 $

