

 Wavenumbers:   820. - 50000. cm-1, ATM      1
 LEVEL PRESSURE   UPWARD FLUX   DIFDOWN FLUX  DIRDOWN FLUX  DOWNWARD FLUX   NET FLUX    HEATING RATE
          mb          W/m2          W/m2          W/m2        W/m2          W/m2       degree/day
  60   .000400      251.2104        0.0000     1360.8518     1360.8518    1109.641453       0.00000
  59    .06920      251.2067        0.0077     1360.7713     1360.7790    1109.572321       8.47986
  58    .09590      251.2053        0.0107     1360.7414     1360.7521    1109.546742       8.08486
  57    0.1353      251.2034        0.0151     1360.6902     1360.7053    1109.501865       9.61240
  56    0.1908      251.2009        0.0212     1360.6051     1360.6264    1109.425410      11.62548
  55    0.2701      251.1977        0.0301     1360.4557     1360.4857    1109.288031      14.61987
  54    0.3824      251.1938        0.0423     1360.2017     1360.2440    1109.050222      17.87098
  53    0.5428      251.1893        0.0598     1359.7601     1359.8199    1108.630547      22.08041
  52    0.7717      251.1850        0.0839     1359.0213     1359.1052    1107.920105      26.19277
  51     1.095      251.1834        0.1169     1357.7886     1357.9054    1106.722071      31.25310
  50     1.558      251.1875        0.1625     1355.9683     1356.1308    1104.943288      32.47115
  49     2.226      251.2048        0.2266     1353.5918     1353.8184    1102.613628      29.40083
  48     3.186      251.2411        0.3179     1351.0669     1351.3848    1100.143620      21.71329
  47     4.573      251.2987        0.4488     1348.6218     1349.0707    1097.771998      14.43525
  46     6.560      251.3790        0.6344     1346.1800     1346.8144    1095.435431       9.92382
  45     9.467      251.4872        0.9051     1343.5281     1344.4332    1092.946005       7.22666
  44     13.65      251.6160        1.2885     1340.6390     1341.9274    1090.311386       5.31150
  43     19.56      251.7720        1.8229     1337.3378     1339.1606    1087.388652       4.17315
  42     27.95      251.9584        2.5718     1333.4428     1336.0146    1084.056166       3.35161
  41     39.56      252.1239        3.6063     1328.9928     1332.5991    1080.475250       2.60429
  40     55.97      252.1877        5.0384     1323.8837     1328.9221    1076.734365       1.92314
  39     77.74      251.9610        6.9285     1318.3890     1325.3176    1073.356537       1.30941
  38     99.38      251.5252        8.7915     1313.6616     1322.4532    1070.928026       0.94741
  37     120.7      251.0073       10.5998     1309.3217     1319.9215    1068.914237       0.79702
  36     141.5      250.4596       12.3347     1305.2741     1317.6087    1067.149080       0.71700
  35     162.8      249.8697       14.0930     1301.2451     1315.3381    1065.468388       0.66533
  34     184.3      249.2345       15.8471     1297.3112     1313.1583    1063.923789       0.60693
  33     206.3      248.5412       17.6200     1293.3969     1311.0168    1062.475596       0.55497
  32     228.8      247.7943       19.4103     1289.4208     1308.8311    1061.036773       0.53947
  31     251.9      246.9954       21.2259     1285.1493     1306.3752    1059.379742       0.60536
  30     275.3      246.1590       23.0470     1280.5874     1303.6344    1057.475392       0.68750
  29     298.8      245.3081       24.8355     1275.8960     1300.7316    1055.423481       0.73524
  28     322.5      244.4248       26.6368     1270.9073     1297.5440    1053.119233       0.82019
  27     346.4      243.5371       28.3997     1265.6906     1294.0903    1050.553175       0.90863
  26     370.2      242.6330       30.1557     1260.0586     1290.2142    1047.581201       1.05196
  25     394.2      241.7318       31.8744     1254.0297     1285.9041    1044.172263       1.20164
  24     418.0      240.8285       33.5704     1247.5507     1281.1212    1040.292708       1.37408
  23     441.8      239.9301       35.2358     1240.6585     1275.8943    1035.964191       1.53432
  22     465.7      239.0394       36.8725     1233.3601     1270.2326    1031.193217       1.68330
  21     490.0      238.1309       38.5274     1225.7051     1264.2324    1026.101514       1.76983
  20     514.3      237.2348       40.1472     1218.0505     1258.1977    1020.962872       1.78013
  19     538.8      236.3454       41.7463     1210.2845     1252.0308    1015.685464       1.82006
  18     563.4      235.4547       43.3422     1202.3503     1245.6925    1010.237848       1.86754
  17     588.1      234.5821       44.9046     1194.4112     1239.3158    1004.733625       1.88099
  16     612.9      233.7275       46.4407     1186.4289     1232.8696     999.142080       1.90596
  15     637.7      232.8855       47.9705     1178.2664     1226.2369     993.351369       1.97218
  14     662.5      232.0768       49.4676     1170.0599     1219.5274     987.450660       2.00414
  13     687.4      231.3071       50.9325     1161.8235     1212.7560     981.448871       2.03324
  12     712.2      230.5748       52.3753     1153.5973     1205.9726     975.397809       2.06168
  11     736.9      229.8775       53.7934     1145.5633     1199.3567     969.479204       2.01810
  10     761.7      229.2210       55.1848     1137.7176     1192.9024     963.681354       1.97310
   9     786.6      228.6111       56.5501     1130.0290     1186.5791     957.967999       1.94051
   8     812.0      228.0338       57.9328     1122.2725     1180.2054     952.171532       1.92580
   7     837.5      227.5100       59.2957     1114.6906     1173.9863     946.476321       1.88201
   6     863.1      227.0511       60.6327     1107.2940     1167.9266     940.875542       1.84639
   5     888.8      226.6684       61.9440     1100.0578     1162.0018     935.333364       1.82266
   4     914.5      226.3750       63.2409     1092.9044     1156.1453     929.770295       1.82491
   3     940.3      226.1957       64.5176     1085.8509     1150.3685     924.172782       1.83179
   2     966.1      226.1604       65.7692     1078.9131     1144.6823     918.521923       1.84524
   1     992.1      226.3106       66.9962     1072.0851     1139.0813     912.770685       1.87360
   0    1018.0      226.7121       68.1986     1065.3618     1133.5604     906.848321       1.92600

  Modules and versions used in this calculation:

       rrtmg_sw.1col.f90:  $Revision: 32245 $            rrtmg_sw_init.f90:  $Revision: 30822 $
     rrtmgsw_cldprop.f90:  $Revision: 29812 $          rrtmgsw_cldprmc.f90:  NOT USED          
     rrtmg_sw_reftra.f90:  $Revision: 29812 $          rrtmg_sw_spcvrt.f90:  NOT USED          
     rrtmg_sw_spcvmc.f90:  NOT USED                    rrtmgsw_setcoef.f90:  NOT USED          
     rrtmg_sw_taumol.f90:  $Revision: 30822 $          rrtmg_sw_vrtqdr.f90:  NOT USED          
                rrtatm.f:  NOT USED                             util_xxx.f:  NOT USED          
                 extra.f:  NOT USED                       rrtmg_sw_k_g.f90:  $Revision: 30822 $

