

 Wavenumbers:   820. - 50000. cm-1, ATM      1
 LEVEL PRESSURE   UPWARD FLUX   DIFDOWN FLUX  DIRDOWN FLUX  DOWNWARD FLUX   NET FLUX    HEATING RATE
          mb          W/m2          W/m2          W/m2        W/m2          W/m2       degree/day
  51    .06700      121.4775        0.0000      575.1209      575.1209     453.643355       0.00000
  50    .07753      121.4768        0.0011      575.1033      575.1044     453.627628      12.60567
  49    .09103      121.4758        0.0024      575.0865      575.0889     453.613149       9.04977
  48    0.1069      121.4747        0.0040      575.0670      575.0710     453.596239       9.00127
  47    0.1255      121.4735        0.0057      575.0430      575.0488     453.575301       9.49224
  46    0.1487      121.4720        0.0080      575.0102      575.0181     453.546193      10.61013
  45    0.1794      121.4699        0.0110      574.9617      574.9728     453.502872      11.89267
  44    0.2165      121.4675        0.0146      574.8996      574.9143     453.446805      12.75426
  43    0.2613      121.4647        0.0189      574.8198      574.8387     453.374014      13.72087
  42    0.3336      121.4601        0.0259      574.6765      574.7024     453.242269      15.36008
  41    0.4307      121.4543        0.0350      574.4741      574.5092     453.054900      16.29134
  40    0.5894      121.4450        0.0498      574.1217      574.1715     452.726444      17.46690
  39     1.339      121.4073        0.1157      572.3318      572.4475     451.040147      18.98464
  38     1.782      121.3890        0.1523      571.4114      571.5637     450.174686      16.47699
  37     2.292      121.3711        0.1939      570.5141      570.7080     449.336943      13.87520
  36     2.964      121.3521        0.2477      569.5350      569.7827     448.430612      11.37719
  35     3.853      121.3334        0.3181      568.4502      568.7683     447.434840       9.45006
  34     5.035      121.3149        0.4107      567.2533      567.6639     446.349069       7.75630
  33     6.613      121.2938        0.5332      565.9439      566.4770     445.183207       6.23270
  32     8.786      121.2638        0.6971      564.5043      565.2014     443.937623       4.83740
  31     11.80      121.2119        0.9297      562.8230      563.7527     442.540804       3.91065
  30     15.07      121.1458        1.1775      561.3017      562.4793     441.333495       3.11704
  29     18.79      121.0618        1.4556      559.7894      561.2450     440.183213       2.60804
  28     23.16      120.9529        1.7778      558.2106      559.9883     439.035374       2.21955
  27     28.12      120.8159        2.1436      556.5820      558.7256     437.909733       1.91351
  26     33.73      120.6434        2.5503      554.9570      557.5073     436.863897       1.57244
  25     40.54      120.4126        3.0385      553.1984      556.2369     435.824350       1.28968
  24     48.69      120.1129        3.6224      551.2721      554.8945     434.781593       1.07909
  23     57.69      119.7631        4.2582      549.3315      553.5897     433.826548       0.89521
  22     68.43      119.3241        5.0086      547.1976      552.2061     432.882032       0.74252
  21     81.20      118.7696        5.8942      544.8782      550.7724     432.002757       0.58101
  20     96.49      118.0804        6.9373      542.3246      549.2619     431.181473       0.45329
  19     114.6      117.2539        8.1565      539.4107      547.5672     430.313245       0.40540
  18     136.5      116.2681        9.5737      536.0857      545.6594     429.391281       0.35452
  17     162.9      115.0910       11.2222      532.2240      543.4462     428.355210       0.33117
  16     196.4      113.5532       13.3017      527.2681      540.5698     427.016560       0.33695
  15     218.7      112.5418       14.6322      523.7586      538.3908     425.848998       0.44328
  14     243.0      111.4445       16.0469      519.4945      535.5414     424.096875       0.60769
  13     269.0      110.2583       17.5438      514.2141      531.7579     421.499554       0.84256
  12     297.5      108.9813       19.1202      507.9391      527.0594     418.078102       1.01477
  11     328.5      107.6086       20.7765      501.1769      521.9534     414.344787       1.01508
  10     361.9      106.1395       22.5067      493.8650      516.3718     410.232231       1.04052
   9     398.1      104.5695       24.3090      485.8454      510.1544     405.584913       1.08272
   8     437.6      102.8978       26.1773      477.0504      503.2278     400.329985       1.12354
   7     480.5      101.1235       28.1041      467.6623      495.7664     394.642876       1.11693
   6     533.0       98.9675       30.3731      456.2071      486.5802     387.612755       1.13092
   5     589.8       96.6871       32.6948      443.8176      476.5124     379.825321       1.15591
   4     651.6       94.3133       35.0485      429.9723      465.0208     370.707441       1.24689
   3     718.7       91.8816       37.4191      415.1374      452.5565     360.674863       1.26082
   2     792.3       89.4873       39.7744      399.1124      438.8868     349.399413       1.29317
   1     891.5       86.7852       42.6627      377.5578      420.2205     333.435238       1.35847
   0    1013.0       84.8912       45.7230      353.2878      399.0108     314.119615       1.34118



 Wavenumbers:  2600. -  3250. cm-1, ATM      1
 LEVEL PRESSURE   UPWARD FLUX   DIFDOWN FLUX  DIRDOWN FLUX  DOWNWARD FLUX   NET FLUX    HEATING RATE
          mb          W/m2          W/m2          W/m2        W/m2          W/m2       degree/day
  51    .06700        0.1670        0.0000        5.0688        5.0688       4.901797       0.00000
  50    .07753        0.1670        0.0000        5.0688        5.0688       4.901789       0.00640
  49    .09103        0.1670        0.0000        5.0687        5.0687       4.901779       0.00627
  48    0.1069        0.1670        0.0000        5.0687        5.0687       4.901767       0.00613
  47    0.1255        0.1670        0.0000        5.0687        5.0687       4.901754       0.00599
  46    0.1487        0.1670        0.0000        5.0687        5.0687       4.901737       0.00608
  45    0.1794        0.1670        0.0000        5.0687        5.0687       4.901715       0.00624
  44    0.2165        0.1670        0.0000        5.0687        5.0687       4.901688       0.00612
  43    0.2613        0.1670        0.0000        5.0686        5.0686       4.901656       0.00599
  42    0.3336        0.1670        0.0000        5.0686        5.0686       4.901603       0.00616
  41    0.4307        0.1670        0.0000        5.0685        5.0685       4.901532       0.00620
  40    0.5894        0.1670        0.0000        5.0684        5.0684       4.901412       0.00636
  39     1.339        0.1670        0.0000        5.0677        5.0677       4.900706       0.00795
  38     1.782        0.1670        0.0000        5.0671        5.0671       4.900165       0.01030
  37     2.292        0.1670        0.0000        5.0664        5.0664       4.899452       0.01180
  36     2.964        0.1670        0.0000        5.0654        5.0654       4.898420       0.01295
  35     3.853        0.1670        0.0000        5.0639        5.0639       4.896959       0.01387
  34     5.035        0.1670        0.0000        5.0619        5.0619       4.894930       0.01449
  33     6.613        0.1670        0.0000        5.0592        5.0592       4.892204       0.01457
  32     8.786        0.1670        0.0000        5.0556        5.0556       4.888669       0.01373
  31     11.80        0.1670        0.0000        5.0510        5.0510       4.884069       0.01288
  30     15.07        0.1670        0.0000        5.0467        5.0467       4.879768       0.01111
  29     18.79        0.1670        0.0000        5.0426        5.0426       4.875604       0.00944
  28     23.16        0.1670        0.0000        5.0383        5.0383       4.871371       0.00818
  27     28.12        0.1670        0.0000        5.0339        5.0339       4.866950       0.00752
  26     33.73        0.1670        0.0000        5.0288        5.0289       4.861893       0.00760
  25     40.54        0.1670        0.0000        5.0220        5.0221       4.855100       0.00843
  24     48.69        0.1670        0.0000        5.0127        5.0127       4.845743       0.00968
  23     57.69        0.1670        0.0000        5.0010        5.0010       4.834080       0.01093
  22     68.43        0.1670        0.0000        4.9857        4.9857       4.818774       0.01203
  21     81.20        0.1670        0.0000        4.9662        4.9662       4.799259       0.01290
  20     96.49        0.1670        0.0000        4.9422        4.9422       4.775245       0.01325
  19     114.6        0.1670        0.0000        4.9128        4.9129       4.745926       0.01369
  18     136.5        0.1670        0.0001        4.8792        4.8792       4.712242       0.01295
  17     162.9        0.1670        0.0001        4.8416        4.8416       4.674662       0.01201
  16     196.4        0.1670        0.0001        4.7971        4.7972       4.630216       0.01119
  15     218.7        0.1670        0.0001        4.7681        4.7682       4.601148       0.01104
  14     243.0        0.1671        0.0001        4.7334        4.7335       4.566454       0.01203
  13     269.0        0.1671        0.0001        4.6910        4.6911       4.523929       0.01380
  12     297.5        0.1673        0.0001        4.6384        4.6385       4.471201       0.01564
  11     328.5        0.1674        0.0001        4.5757        4.5758       4.408395       0.01708
  10     361.9        0.1677        0.0001        4.4985        4.4987       4.330987       0.01959
   9     398.1        0.1680        0.0001        4.4003        4.4005       4.232473       0.02295
   8     437.6        0.1684        0.0001        4.2747        4.2749       4.106468       0.02694
   7     480.5        0.1690        0.0002        4.1204        4.1205       3.951510       0.03043
   6     533.0        0.1699        0.0002        3.9131        3.9132       3.743290       0.03350
   5     589.8        0.1713        0.0002        3.6755        3.6756       3.504308       0.03547
   4     651.6        0.1735        0.0002        3.4057        3.4059       3.232402       0.03718
   3     718.7        0.1769        0.0002        3.1160        3.1162       2.939272       0.03684
   2     792.3        0.1825        0.0002        2.7890        2.7892       2.606702       0.03814
   1     891.5        0.1950        0.0002        2.3446        2.3448       2.149786       0.03888
   0    1013.0        0.2241        0.0002        1.8829        1.8831       1.659008       0.03408



 Wavenumbers:  3250. -  4000. cm-1, ATM      1
 LEVEL PRESSURE   UPWARD FLUX   DIFDOWN FLUX  DIRDOWN FLUX  DOWNWARD FLUX   NET FLUX    HEATING RATE
          mb          W/m2          W/m2          W/m2        W/m2          W/m2       degree/day
  51    .06700        0.0005        0.0000        8.5452        8.5452       8.544735       0.00000
  50    .07753        0.0005        0.0000        8.5405        8.5405       8.539986       3.80695
  49    .09103        0.0005        0.0000        8.5372        8.5372       8.536761       2.01538
  48    0.1069        0.0005        0.0000        8.5348        8.5348       8.534362       1.27718
  47    0.1255        0.0005        0.0000        8.5327        8.5327       8.532193       0.98346
  46    0.1487        0.0005        0.0000        8.5303        8.5303       8.529842       0.85678
  45    0.1794        0.0005        0.0000        8.5276        8.5276       8.527082       0.75779
  44    0.2165        0.0005        0.0000        8.5248        8.5248       8.524298       0.63326
  43    0.2613        0.0005        0.0000        8.5219        8.5219       8.521471       0.53294
  42    0.3336        0.0005        0.0000        8.5179        8.5179       8.517476       0.46575
  41    0.4307        0.0005        0.0000        8.5134        8.5134       8.512886       0.39906
  40    0.5894        0.0005        0.0000        8.5065        8.5065       8.506069       0.36254
  39     1.339        0.0005        0.0000        8.4809        8.4809       8.480397       0.28902
  38     1.782        0.0005        0.0000        8.4698        8.4698       8.469361       0.21011
  37     2.292        0.0005        0.0000        8.4593        8.4593       8.458841       0.17423
  36     2.964        0.0005        0.0000        8.4474        8.4474       8.446967       0.14906
  35     3.853        0.0005        0.0000        8.4332        8.4332       8.432723       0.13518
  34     5.035        0.0005        0.0000        8.4150        8.4150       8.414518       0.13005
  33     6.613        0.0005        0.0000        8.3906        8.3906       8.390108       0.13050
  32     8.786        0.0005        0.0000        8.3566        8.3566       8.356155       0.13186
  31     11.80        0.0005        0.0000        8.3063        8.3063       8.305892       0.14072
  30     15.07        0.0005        0.0000        8.2510        8.2511       8.250600       0.14275
  29     18.79        0.0004        0.0000        8.1883        8.1883       8.187890       0.14218
  28     23.16        0.0004        0.0000        8.1167        8.1168       8.116323       0.13839
  27     28.12        0.0004        0.0000        8.0395        8.0395       8.039066       0.13133
  26     33.73        0.0004        0.0000        7.9606        7.9606       7.960190       0.11859
  25     40.54        0.0004        0.0001        7.8751        7.8752       7.874785       0.10595
  24     48.69        0.0004        0.0001        7.7833        7.7834       7.782962       0.09502
  23     57.69        0.0004        0.0001        7.6902        7.6903       7.689864       0.08727
  22     68.43        0.0004        0.0001        7.5836        7.5837       7.583350       0.08373
  21     81.20        0.0004        0.0001        7.4590        7.4591       7.458773       0.08232
  20     96.49        0.0003        0.0001        7.3144        7.3145       7.314202       0.07979
  19     114.6        0.0003        0.0001        7.1440        7.1441       7.143768       0.07958
  18     136.5        0.0003        0.0002        6.9571        6.9573       6.957010       0.07181
  17     162.9        0.0003        0.0002        6.7417        6.7419       6.741623       0.06885
  16     196.4        0.0002        0.0002        6.4345        6.4347       6.434457       0.07732
  15     218.7        0.0002        0.0002        6.1511        6.1514       6.151147       0.10756
  14     243.0        0.0002        0.0002        5.7744        5.7747       5.774463       0.13065
  13     269.0        0.0002        0.0003        5.3028        5.3030       5.302851       0.15299
  12     297.5        0.0001        0.0003        4.7504        4.7507       4.750540       0.16381
  11     328.5        0.0001        0.0002        4.1865        4.1868       4.186633       0.15332
  10     361.9        0.0001        0.0002        3.6462        3.6464       3.646311       0.13671
   9     398.1        0.0001        0.0002        3.1481        3.1483       3.148199       0.11605
   8     437.6        0.0001        0.0002        2.6890        2.6892       2.689118       0.09815
   7     480.5        0.0001        0.0002        2.2726        2.2728       2.272697       0.08178
   6     533.0        0.0000        0.0002        1.8311        1.8313       1.831279       0.07101
   5     589.8        0.0000        0.0002        1.4118        1.4119       1.411878       0.06225
   4     651.6        0.0000        0.0001        0.9855        0.9856       0.985618       0.05829
   3     718.7        0.0000        0.0001        0.6111        0.6112       0.611205       0.04705
   2     792.3        0.0000        0.0001        0.3175        0.3175       0.317482       0.03369
   1     891.5        0.0001        0.0000        0.0830        0.0830       0.082925       0.01996
   0    1013.0        0.0012        0.0000        0.0057        0.0057       0.004513       0.00544



 Wavenumbers:  4000. -  4650. cm-1, ATM      1
 LEVEL PRESSURE   UPWARD FLUX   DIFDOWN FLUX  DIRDOWN FLUX  DOWNWARD FLUX   NET FLUX    HEATING RATE
          mb          W/m2          W/m2          W/m2        W/m2          W/m2       degree/day
  51    .06700        1.5026        0.0000       10.0346       10.0346       8.532072       0.00000
  50    .07753        1.5026        0.0000       10.0346       10.0346       8.532071       0.00080
  49    .09103        1.5026        0.0000       10.0346       10.0346       8.532070       0.00078
  48    0.1069        1.5026        0.0000       10.0346       10.0346       8.532069       0.00076
  47    0.1255        1.5026        0.0000       10.0346       10.0346       8.532067       0.00075
  46    0.1487        1.5026        0.0000       10.0346       10.0346       8.532065       0.00076
  45    0.1794        1.5026        0.0000       10.0346       10.0346       8.532062       0.00078
  44    0.2165        1.5026        0.0000       10.0346       10.0346       8.532059       0.00076
  43    0.2613        1.5026        0.0000       10.0346       10.0346       8.532055       0.00075
  42    0.3336        1.5026        0.0000       10.0346       10.0346       8.532048       0.00077
  41    0.4307        1.5026        0.0000       10.0346       10.0346       8.532039       0.00077
  40    0.5894        1.5026        0.0000       10.0346       10.0346       8.532024       0.00080
  39     1.339        1.5026        0.0000       10.0345       10.0345       8.531935       0.00101
  38     1.782        1.5026        0.0000       10.0344       10.0344       8.531865       0.00133
  37     2.292        1.5026        0.0000       10.0343       10.0343       8.531771       0.00156
  36     2.964        1.5026        0.0000       10.0342       10.0342       8.531631       0.00176
  35     3.853        1.5026        0.0000       10.0340       10.0340       8.531423       0.00197
  34     5.035        1.5026        0.0000       10.0337       10.0337       8.531116       0.00219
  33     6.613        1.5026        0.0000       10.0332       10.0332       8.530665       0.00241
  32     8.786        1.5025        0.0000       10.0325       10.0325       8.529999       0.00259
  31     11.80        1.5025        0.0000       10.0314       10.0315       8.528954       0.00293
  30     15.07        1.5025        0.0001       10.0302       10.0303       8.527728       0.00316
  29     18.79        1.5025        0.0001       10.0287       10.0288       8.526247       0.00336
  28     23.16        1.5025        0.0001       10.0268       10.0269       8.524410       0.00355
  27     28.12        1.5025        0.0001       10.0246       10.0247       8.522188       0.00378
  26     33.73        1.5025        0.0001       10.0218       10.0219       8.519452       0.00411
  25     40.54        1.5025        0.0002       10.0181       10.0182       8.515746       0.00460
  24     48.69        1.5024        0.0002       10.0131       10.0133       8.510815       0.00510
  23     57.69        1.5024        0.0002       10.0072       10.0074       8.504981       0.00547
  22     68.43        1.5024        0.0003        9.9998       10.0001       8.497687       0.00573
  21     81.20        1.5024        0.0003        9.9908        9.9911       8.488715       0.00593
  20     96.49        1.5024        0.0004        9.9799        9.9802       8.477828       0.00601
  19     114.6        1.5024        0.0004        9.9662        9.9667       8.464264       0.00633
  18     136.5        1.5024        0.0005        9.9499        9.9504       8.447963       0.00627
  17     162.9        1.5025        0.0006        9.9299        9.9305       8.428045       0.00637
  16     196.4        1.5026        0.0007        9.9026        9.9033       8.400700       0.00688
  15     218.7        1.5028        0.0008        9.8819        9.8828       8.380015       0.00785
  14     243.0        1.5030        0.0009        9.8550        9.8559       8.352922       0.00940
  13     269.0        1.5034        0.0010        9.8189        9.8199       8.316469       0.01183
  12     297.5        1.5040        0.0011        9.7708        9.7719       8.267855       0.01442
  11     328.5        1.5049        0.0012        9.7100        9.7112       8.206300       0.01674
  10     361.9        1.5061        0.0013        9.6319        9.6332       8.127092       0.02004
   9     398.1        1.5077        0.0015        9.5321        9.5336       8.025932       0.02357
   8     437.6        1.5095        0.0016        9.4077        9.4093       7.899779       0.02697
   7     480.5        1.5119        0.0017        9.2630        9.2647       7.752792       0.02887
   6     533.0        1.5154        0.0019        9.0788        9.0807       7.565282       0.03016
   5     589.8        1.5203        0.0020        8.8706        8.8727       7.352307       0.03161
   4     651.6        1.5278        0.0022        8.6008        8.6030       7.075169       0.03790
   3     718.7        1.5395        0.0023        8.2445        8.2469       6.707398       0.04622
   2     792.3        1.5587        0.0025        7.7949        7.7973       6.238655       0.05376
   1     891.5        1.6027        0.0026        7.1768        7.1794       5.576635       0.05633
   0    1013.0        1.7043        0.0027        6.5023        6.5049       4.800643       0.05388



 Wavenumbers:  4650. -  5150. cm-1, ATM      1
 LEVEL PRESSURE   UPWARD FLUX   DIFDOWN FLUX  DIRDOWN FLUX  DOWNWARD FLUX   NET FLUX    HEATING RATE
          mb          W/m2          W/m2          W/m2        W/m2          W/m2       degree/day
  51    .06700        1.0997        0.0000        9.4983        9.4983       8.398511       0.00000
  50    .07753        1.0997        0.0000        9.4980        9.4980       8.398275       0.18903
  49    .09103        1.0997        0.0000        9.4977        9.4977       8.397980       0.18423
  48    0.1069        1.0997        0.0000        9.4974        9.4974       8.397644       0.17918
  47    0.1255        1.0997        0.0000        9.4970        9.4970       8.397260       0.17404
  46    0.1487        1.0997        0.0000        9.4965        9.4965       8.396780       0.17503
  45    0.1794        1.0997        0.0000        9.4959        9.4959       8.396131       0.17803
  44    0.2165        1.0997        0.0000        9.4951        9.4951       8.395374       0.17214
  43    0.2613        1.0997        0.0000        9.4942        9.4942       8.394493       0.16610
  42    0.3336        1.0997        0.0000        9.4928        9.4928       8.393070       0.16594
  41    0.4307        1.0997        0.0000        9.4910        9.4910       8.391246       0.15862
  40    0.5894        1.0997        0.0000        9.4881        9.4882       8.388410       0.15081
  39     1.339        1.0997        0.0000        9.4768        9.4768       8.377085       0.12750
  38     1.782        1.0997        0.0000        9.4715        9.4715       8.371759       0.10139
  37     2.292        1.0997        0.0000        9.4663        9.4663       8.366555       0.08619
  36     2.964        1.0997        0.0000        9.4607        9.4607       8.360970       0.07011
  35     3.853        1.0997        0.0000        9.4549        9.4549       8.355170       0.05504
  34     5.035        1.0997        0.0000        9.4490        9.4490       8.349296       0.04196
  33     6.613        1.0997        0.0000        9.4430        9.4430       8.343293       0.03209
  32     8.786        1.0997        0.0001        9.4363        9.4364       8.336658       0.02577
  31     11.80        1.0997        0.0001        9.4275        9.4276       8.327881       0.02457
  30     15.07        1.0997        0.0001        9.4177        9.4178       8.318135       0.02516
  29     18.79        1.0997        0.0001        9.4058        9.4059       8.306228       0.02700
  28     23.16        1.0997        0.0001        9.3906        9.3907       8.291045       0.02936
  27     28.12        1.0997        0.0002        9.3716        9.3718       8.272131       0.03215
  26     33.73        1.0996        0.0002        9.3487        9.3489       8.249306       0.03432
  25     40.54        1.0996        0.0002        9.3192        9.3195       8.219840       0.03656
  24     48.69        1.0996        0.0003        9.2818        9.2821       8.182425       0.03872
  23     57.69        1.0996        0.0003        9.2392        9.2396       8.139922       0.03984
  22     68.43        1.0996        0.0004        9.1880        9.1884       8.088718       0.04025
  21     81.20        1.0997        0.0005        9.1277        9.1281       8.028455       0.03982
  20     96.49        1.0997        0.0005        9.0589        9.0594       7.959726       0.03793
  19     114.6        1.0998        0.0006        8.9829        8.9836       7.883780       0.03546
  18     136.5        1.0999        0.0008        8.9016        8.9023       7.802397       0.03129
  17     162.9        1.1001        0.0009        8.8153        8.8162       7.716077       0.02759
  16     196.4        1.1005        0.0011        8.7157        8.7167       7.616276       0.02512
  15     218.7        1.1008        0.0012        8.6536        8.6548       7.554075       0.02362
  14     243.0        1.1011        0.0013        8.5858        8.5871       7.485917       0.02364
  13     269.0        1.1017        0.0014        8.5083        8.5097       7.407980       0.02528
  12     297.5        1.1026        0.0016        8.4156        8.4172       7.314601       0.02769
  11     328.5        1.1037        0.0017        8.3072        8.3089       7.205176       0.02975
  10     361.9        1.1052        0.0019        8.1803        8.1821       7.076903       0.03245
   9     398.1        1.1072        0.0020        8.0314        8.0334       6.926208       0.03511
   8     437.6        1.1098        0.0022        7.8572        7.8594       6.749585       0.03776
   7     480.5        1.1132        0.0023        7.6562        7.6585       6.545294       0.04012
   6     533.0        1.1184        0.0025        7.3927        7.3953       6.276877       0.04318
   5     589.8        1.1255        0.0027        7.0925        7.0952       5.969707       0.04559
   4     651.6        1.1360        0.0028        6.7470        6.7499       5.613903       0.04866
   3     718.7        1.1514        0.0030        6.3688        6.3718       5.220351       0.04946
   2     792.3        1.1748        0.0031        5.9642        5.9673       4.792508       0.04907
   1     891.5        1.2235        0.0032        5.4294        5.4326       4.209177       0.04964
   0    1013.0        1.3212        0.0033        4.8363        4.8396       3.518421       0.04796



 Wavenumbers:  5150. -  6150. cm-1, ATM      1
 LEVEL PRESSURE   UPWARD FLUX   DIFDOWN FLUX  DIRDOWN FLUX  DOWNWARD FLUX   NET FLUX    HEATING RATE
          mb          W/m2          W/m2          W/m2        W/m2          W/m2       degree/day
  51    .06700        3.5579        0.0000       23.8122       23.8122      20.254208       0.00000
  50    .07753        3.5579        0.0000       23.8121       23.8121      20.254168       0.03157
  49    .09103        3.5579        0.0000       23.8121       23.8121      20.254117       0.03206
  48    0.1069        3.5579        0.0000       23.8120       23.8120      20.254056       0.03256
  47    0.1255        3.5579        0.0000       23.8119       23.8119      20.253983       0.03306
  46    0.1487        3.5579        0.0000       23.8118       23.8118      20.253887       0.03483
  45    0.1794        3.5579        0.0000       23.8117       23.8117      20.253752       0.03708
  44    0.2165        3.5579        0.0000       23.8115       23.8115      20.253587       0.03764
  43    0.2613        3.5579        0.0000       23.8113       23.8113      20.253384       0.03821
  42    0.3336        3.5579        0.0000       23.8110       23.8110      20.253038       0.04037
  41    0.4307        3.5579        0.0000       23.8105       23.8105      20.252567       0.04091
  40    0.5894        3.5579        0.0000       23.8097       23.8097      20.251779       0.04191
  39     1.339        3.5579        0.0000       23.8059       23.8059      20.247985       0.04271
  38     1.782        3.5579        0.0000       23.8036       23.8037      20.245779       0.04200
  37     2.292        3.5579        0.0001       23.8011       23.8012      20.243284       0.04132
  36     2.964        3.5579        0.0001       23.7979       23.7980      20.240117       0.03975
  35     3.853        3.5579        0.0001       23.7939       23.7940      20.236098       0.03815
  34     5.035        3.5579        0.0001       23.7886       23.7888      20.230929       0.03692
  33     6.613        3.5578        0.0002       23.7819       23.7821      20.224236       0.03578
  32     8.786        3.5578        0.0002       23.7731       23.7734      20.215585       0.03360
  31     11.80        3.5577        0.0003       23.7613       23.7617      20.203924       0.03265
  30     15.07        3.5577        0.0004       23.7496       23.7500      20.192275       0.03008
  29     18.79        3.5576        0.0005       23.7373       23.7378      20.180164       0.02746
  28     23.16        3.5576        0.0006       23.7241       23.7247      20.167144       0.02518
  27     28.12        3.5575        0.0008       23.7103       23.7110      20.153494       0.02320
  26     33.73        3.5575        0.0009       23.6963       23.6972      20.139715       0.02072
  25     40.54        3.5574        0.0011       23.6810       23.6821      20.124722       0.01860
  24     48.69        3.5573        0.0013       23.6647       23.6661      20.108743       0.01654
  23     57.69        3.5572        0.0016       23.6487       23.6502      20.092978       0.01478
  22     68.43        3.5572        0.0018       23.6313       23.6331      20.075940       0.01339
  21     81.20        3.5571        0.0022       23.6121       23.6143      20.057249       0.01235
  20     96.49        3.5570        0.0026       23.5907       23.5933      20.036269       0.01158
  19     114.6        3.5569        0.0031       23.5661       23.5692      20.012287       0.01120
  18     136.5        3.5568        0.0037       23.5375       23.5412      19.984365       0.01074
  17     162.9        3.5567        0.0044       23.4954       23.4998      19.943077       0.01320
  16     196.4        3.5566        0.0052       23.4064       23.4116      19.855049       0.02216
  15     218.7        3.5565        0.0058       23.2667       23.2725      19.715941       0.05281
  14     243.0        3.5565        0.0064       22.9655       22.9719      19.415355       0.10425
  13     269.0        3.5566        0.0069       22.4366       22.4436      18.886976       0.17140
  12     297.5        3.5568        0.0075       21.7651       21.7726      18.215823       0.19906
  11     328.5        3.5571        0.0080       21.0791       21.0871      17.530010       0.18647
  10     361.9        3.5575        0.0086       20.2975       20.3061      16.748545       0.19772
   9     398.1        3.5582        0.0091       19.4137       19.4228      15.864517       0.20596
   8     437.6        3.5593        0.0095       18.4594       18.4689      14.909647       0.20416
   7     480.5        3.5607        0.0100       17.4884       17.4984      13.937643       0.19090
   6     533.0        3.5632        0.0105       16.4006       16.4111      12.847882       0.17531
   5     589.8        3.5671        0.0110       15.3816       15.3926      11.825458       0.15176
   4     651.6        3.5741        0.0114       14.4345       14.4459      10.871828       0.13041
   3     718.7        3.5861        0.0120       13.6525       13.6645      10.078384       0.09971
   2     792.3        3.6079        0.0126       12.9649       12.9776       9.369677       0.08128
   1     891.5        3.6628        0.0134       12.0704       12.0838       8.420996       0.08073
   0    1013.0        3.8133        0.0142       11.1033       11.1175       7.304214       0.07754



 Wavenumbers:  6150. -  7700. cm-1, ATM      1
 LEVEL PRESSURE   UPWARD FLUX   DIFDOWN FLUX  DIRDOWN FLUX  DOWNWARD FLUX   NET FLUX    HEATING RATE
          mb          W/m2          W/m2          W/m2        W/m2          W/m2       degree/day
  51    .06700        5.1986        0.0000       44.0416       44.0416      38.842968       0.00000
  50    .07753        5.1986        0.0000       44.0415       44.0415      38.842911       0.04553
  49    .09103        5.1986        0.0000       44.0414       44.0414      38.842837       0.04583
  48    0.1069        5.1986        0.0000       44.0413       44.0414      38.842751       0.04614
  47    0.1255        5.1986        0.0000       44.0412       44.0412      38.842648       0.04644
  46    0.1487        5.1986        0.0000       44.0411       44.0411      38.842515       0.04852
  45    0.1794        5.1986        0.0000       44.0409       44.0409      38.842329       0.05126
  44    0.2165        5.1986        0.0000       44.0407       44.0407      38.842101       0.05167
  43    0.2613        5.1986        0.0000       44.0404       44.0404      38.841825       0.05209
  42    0.3336        5.1986        0.0000       44.0399       44.0399      38.841356       0.05470
  41    0.4307        5.1986        0.0000       44.0393       44.0393      38.840721       0.05520
  40    0.5894        5.1986        0.0001       44.0382       44.0382      38.839662       0.05631
  39     1.339        5.1985        0.0001       44.0329       44.0331      38.834574       0.05729
  38     1.782        5.1984        0.0002       44.0299       44.0300      38.831607       0.05648
  37     2.292        5.1984        0.0003       44.0264       44.0266      38.828237       0.05582
  36     2.964        5.1983        0.0003       44.0219       44.0223      38.823928       0.05409
  35     3.853        5.1982        0.0004       44.0162       44.0166      38.818409       0.05238
  34     5.035        5.1981        0.0006       44.0088       44.0094      38.811254       0.05111
  33     6.613        5.1980        0.0007       43.9991       43.9999      38.801910       0.04995
  32     8.786        5.1978        0.0010       43.9865       43.9875      38.789684       0.04748
  31     11.80        5.1975        0.0013       43.9691       43.9704      38.772914       0.04695
  30     15.07        5.1972        0.0017       43.9513       43.9530      38.755801       0.04418
  29     18.79        5.1968        0.0021       43.9322       43.9344      38.737549       0.04138
  28     23.16        5.1964        0.0026       43.9112       43.9138      38.717459       0.03885
  27     28.12        5.1959        0.0032       43.8886       43.8918      38.695845       0.03674
  26     33.73        5.1954        0.0038       43.8650       43.8688      38.673381       0.03378
  25     40.54        5.1947        0.0045       43.8385       43.8430      38.648301       0.03112
  24     48.69        5.1939        0.0055       43.8093       43.8147      38.620764       0.02850
  23     57.69        5.1931        0.0065       43.7795       43.7860      38.592895       0.02612
  22     68.43        5.1921        0.0077       43.7466       43.7542      38.562166       0.02416
  21     81.20        5.1908        0.0091       43.7096       43.7187      38.527892       0.02265
  20     96.49        5.1894        0.0108       43.6676       43.6784      38.488989       0.02147
  19     114.6        5.1877        0.0128       43.6189       43.6317      38.444043       0.02099
  18     136.5        5.1856        0.0152       43.5620       43.5772      38.391567       0.02018
  17     162.9        5.1832        0.0181       43.4812       43.4992      38.316066       0.02413
  16     196.4        5.1800        0.0217       43.3217       43.3435      38.163437       0.03842
  15     218.7        5.1780        0.0241       43.1073       43.1314      37.953400       0.07974
  14     243.0        5.1759        0.0265       42.7020       42.7286      37.552692       0.13898
  13     269.0        5.1737        0.0290       41.9604       41.9894      36.815696       0.23908
  12     297.5        5.1716        0.0313       40.8435       40.8749      35.703224       0.32995
  11     328.5        5.1697        0.0337       39.6193       39.6530      34.483261       0.33170
  10     361.9        5.1680        0.0361       38.3124       38.3485      33.180426       0.32963
   9     398.1        5.1668        0.0383       36.8198       36.8581      31.691309       0.34693
   8     437.6        5.1663        0.0404       35.1070       35.1474      29.981079       0.36566
   7     480.5        5.1669        0.0423       33.2857       33.3280      28.161108       0.35744
   6     533.0        5.1697        0.0442       31.1364       31.1806      26.010902       0.34590
   5     589.8        5.1767        0.0459       28.9224       28.9682      23.791565       0.32942
   4     651.6        5.1922        0.0470       26.5731       26.6201      21.427893       0.32324
   3     718.7        5.2224        0.0479       24.2790       24.3269      19.104516       0.29198
   2     792.3        5.2803        0.0485       22.0503       22.0988      16.818439       0.26219
   1     891.5        5.4287        0.0491       19.4865       19.5356      14.106915       0.23074
   0    1013.0        5.8196        0.0497       17.0669       17.1166      11.296954       0.19511



 Wavenumbers:  7700. -  8050. cm-1, ATM      1
 LEVEL PRESSURE   UPWARD FLUX   DIFDOWN FLUX  DIRDOWN FLUX  DOWNWARD FLUX   NET FLUX    HEATING RATE
          mb          W/m2          W/m2          W/m2        W/m2          W/m2       degree/day
  51    .06700        3.0545        0.0000       10.4083       10.4083       7.353856       0.00000
  50    .07753        3.0545        0.0000       10.4083       10.4083       7.353836       0.01581
  49    .09103        3.0545        0.0000       10.4083       10.4083       7.353811       0.01550
  48    0.1069        3.0545        0.0000       10.4083       10.4083       7.353783       0.01517
  47    0.1255        3.0545        0.0000       10.4082       10.4082       7.353750       0.01485
  46    0.1487        3.0545        0.0000       10.4082       10.4082       7.353709       0.01506
  45    0.1794        3.0545        0.0000       10.4081       10.4081       7.353652       0.01550
  44    0.2165        3.0545        0.0000       10.4081       10.4081       7.353585       0.01521
  43    0.2613        3.0545        0.0000       10.4080       10.4080       7.353506       0.01492
  42    0.3336        3.0545        0.0000       10.4079       10.4079       7.353375       0.01527
  41    0.4307        3.0545        0.0000       10.4077       10.4077       7.353202       0.01510
  40    0.5894        3.0546        0.0000       10.4074       10.4075       7.352918       0.01508
  39     1.339        3.0547        0.0001       10.4062       10.4062       7.351576       0.01511
  38     1.782        3.0547        0.0001       10.4054       10.4055       7.350788       0.01500
  37     2.292        3.0548        0.0001       10.4046       10.4047       7.349876       0.01511
  36     2.964        3.0549        0.0001       10.4034       10.4036       7.348678       0.01503
  35     3.853        3.0550        0.0002       10.4020       10.4021       7.347097       0.01501
  34     5.035        3.0552        0.0002       10.4000       10.4002       7.344996       0.01501
  33     6.613        3.0554        0.0003       10.3973       10.3976       7.342191       0.01500
  32     8.786        3.0558        0.0004       10.3938       10.3942       7.338414       0.01467
  31     11.80        3.0562        0.0006       10.3887       10.3892       7.333016       0.01511
  30     15.07        3.0567        0.0007       10.3832       10.3839       7.327229       0.01494
  29     18.79        3.0573        0.0009       10.3771       10.3780       7.320702       0.01480
  28     23.16        3.0579        0.0011       10.3699       10.3710       7.313093       0.01471
  27     28.12        3.0587        0.0013       10.3617       10.3631       7.304413       0.01476
  26     33.73        3.0595        0.0016       10.3526       10.3542       7.294726       0.01456
  25     40.54        3.0605        0.0019       10.3417       10.3436       7.283064       0.01447
  24     48.69        3.0618        0.0023       10.3285       10.3308       7.269062       0.01449
  23     57.69        3.0631        0.0028       10.3141       10.3169       7.253757       0.01435
  22     68.43        3.0648        0.0033       10.2971       10.3004       7.235632       0.01425
  21     81.20        3.0667        0.0039       10.2771       10.2809       7.214186       0.01417
  20     96.49        3.0691        0.0046       10.2534       10.2579       7.188839       0.01399
  19     114.6        3.0719        0.0054       10.2255       10.2310       7.159030       0.01392
  18     136.5        3.0753        0.0064       10.1930       10.1994       7.124092       0.01343
  17     162.9        3.0795        0.0076       10.1548       10.1625       7.083019       0.01313
  16     196.4        3.0849        0.0092       10.1063       10.1155       7.030569       0.01320
  15     218.7        3.0886        0.0102       10.0749       10.0851       6.996569       0.01291
  14     243.0        3.0926        0.0113       10.0412       10.0525       6.959954       0.01270
  13     269.0        3.0970        0.0125       10.0051       10.0176       6.920599       0.01277
  12     297.5        3.1020        0.0138        9.9665        9.9803       6.878332       0.01254
  11     328.5        3.1074        0.0152        9.9251        9.9403       6.832905       0.01235
  10     361.9        3.1135        0.0167        9.8810        9.8976       6.784151       0.01234
   9     398.1        3.1203        0.0183        9.8337        9.8519       6.731670       0.01223
   8     437.6        3.1279        0.0200        9.7829        9.8029       6.674966       0.01212
   7     480.5        3.1365        0.0218        9.7283        9.7501       6.613577       0.01206
   6     533.0        3.1478        0.0241        9.6604        9.6844       6.536665       0.01237
   5     589.8        3.1610        0.0265        9.5855        9.6120       6.450988       0.01272
   4     651.6        3.1769        0.0291        9.5007        9.5298       6.352864       0.01342
   3     718.7        3.1966        0.0318        9.4032        9.4350       6.238483       0.01437
   2     792.3        3.2217        0.0347        9.2881        9.3227       6.101076       0.01576
   1     891.5        3.2641        0.0385        9.1111        9.1495       5.885427       0.01835
   0    1013.0        3.3315        0.0428        8.8650        8.9078       5.576294       0.02146



 Wavenumbers:  8050. - 12850. cm-1, ATM      1
 LEVEL PRESSURE   UPWARD FLUX   DIFDOWN FLUX  DIRDOWN FLUX  DOWNWARD FLUX   NET FLUX    HEATING RATE
          mb          W/m2          W/m2          W/m2        W/m2          W/m2       degree/day
  51    .06700       35.0380        0.0000      145.7244      145.7244     110.686409       0.00000
  50    .07753       35.0380        0.0000      145.7243      145.7244     110.686409       0.00000
  49    .09103       35.0379        0.0001      145.7243      145.7243     110.686409       0.00000
  48    0.1069       35.0379        0.0001      145.7242      145.7243     110.686409       0.00000
  47    0.1255       35.0379        0.0001      145.7241      145.7243     110.686409       0.00000
  46    0.1487       35.0378        0.0002      145.7241      145.7242     110.686409       0.00000
  45    0.1794       35.0378        0.0003      145.7239      145.7242     110.686409       0.00000
  44    0.2165       35.0377        0.0003      145.7238      145.7241     110.686409       0.00000
  43    0.2613       35.0377        0.0004      145.7236      145.7241     110.686409       0.00000
  42    0.3336       35.0375        0.0006      145.7233      145.7239     110.686409       0.00000
  41    0.4307       35.0374        0.0008      145.7229      145.7238     110.686409       0.00000
  40    0.5894       35.0371        0.0012      145.7223      145.7235     110.686409       0.00000
  39     1.339       35.0359        0.0029      145.7194      145.7223     110.686409       0.00000
  38     1.782       35.0351        0.0039      145.7176      145.7216     110.686409       0.00000
  37     2.292       35.0343        0.0051      145.7156      145.7207     110.686409       0.00000
  36     2.964       35.0332        0.0066      145.7130      145.7196     110.686409       0.00000
  35     3.853       35.0317        0.0087      145.7095      145.7182     110.686409       0.00000
  34     5.035       35.0298        0.0114      145.7048      145.7162     110.686409       0.00000
  33     6.613       35.0272        0.0150      145.6986      145.7136     110.686409       0.00000
  32     8.786       35.0237        0.0199      145.6903      145.7101     110.686409       0.00000
  31     11.80       35.0187        0.0268      145.6783      145.7051     110.686409       0.00000
  30     15.07       35.0133        0.0343      145.6654      145.6997     110.686409       0.00000
  29     18.79       35.0072        0.0428      145.6509      145.6937     110.686409       0.00000
  28     23.16       35.0001        0.0527      145.6338      145.6865     110.686409       0.00000
  27     28.12       34.9920        0.0641      145.6143      145.6784     110.686409       0.00000
  26     33.73       34.9828        0.0768      145.5925      145.6693     110.686409       0.00000
  25     40.54       34.9718        0.0921      145.5661      145.6582     110.686409       0.00000
  24     48.69       34.9585        0.1107      145.5342      145.6449     110.686409       0.00000
  23     57.69       34.9438        0.1311      145.4991      145.6302     110.686409       0.00000
  22     68.43       34.9263        0.1555      145.4572      145.6127     110.686409       0.00000
  21     81.20       34.9054        0.1845      145.4072      145.5918     110.686409       0.00000
  20     96.49       34.8804        0.2192      145.3476      145.5668     110.686409       0.00000
  19     114.6       34.8508        0.2605      145.2706      145.5311     110.680308       0.00285
  18     136.5       34.8156        0.3095      145.1789      145.4883     110.672733       0.00291
  17     162.9       34.7736        0.3679      145.0658      145.4337     110.660129       0.00403
  16     196.4       34.7190        0.4439      144.9028      145.3467     110.627703       0.00816
  15     218.7       34.6831        0.4938      144.7563      145.2501     110.567002       0.02305
  14     243.0       34.6442        0.5481      144.5208      145.0689     110.424675       0.04936
  13     269.0       34.6025        0.6066      144.1403      144.7470     110.144472       0.09090
  12     297.5       34.5583        0.6696      143.5910      144.2606     109.702356       0.13113
  11     328.5       34.5115        0.7374      142.9346      143.6720     109.160506       0.14733
  10     361.9       34.4627        0.8100      142.1471      142.9571     108.494376       0.16854
   9     398.1       34.4126        0.8874      141.1586      142.0460     107.633360       0.20060
   8     437.6       34.3626        0.9694      139.8925      140.8619     106.499278       0.24247
   7     480.5       34.3145        1.0557      138.3329      139.3886     105.074147       0.27989
   6     533.0       34.2654        1.1595      136.1360      137.2955     103.030137       0.32882
   5     589.8       34.2309        1.2673      133.3672      134.6345     100.403634       0.38986
   4     651.6       34.2322        1.3764      129.7401      131.1164      96.884204       0.48129
   3     718.7       34.2961        1.4855      125.3757      126.8613      92.565133       0.54279
   2     792.3       34.4818        1.5917      120.1685      121.7602      87.278464       0.60632
   1     891.5       35.0405        1.7168      112.6203      114.3371      79.296609       0.67922
   0    1013.0       36.5104        1.8467      103.9805      105.8271      69.316773       0.69295



 Wavenumbers: 12850. - 16000. cm-1, ATM      1
 LEVEL PRESSURE   UPWARD FLUX   DIFDOWN FLUX  DIRDOWN FLUX  DOWNWARD FLUX   NET FLUX    HEATING RATE
          mb          W/m2          W/m2          W/m2        W/m2          W/m2       degree/day
  51    .06700       18.4485        0.0000       91.3093       91.3093      72.860741       0.00000
  50    .07753       18.4485        0.0001       91.3084       91.3084      72.859963       0.62323
  49    .09103       18.4484        0.0001       91.3073       91.3074      72.858990       0.60821
  48    0.1069       18.4484        0.0002       91.3061       91.3063      72.857877       0.59261
  47    0.1255       18.4483        0.0003       91.3047       91.3049      72.856604       0.57703
  46    0.1487       18.4483        0.0004       91.3029       91.3033      72.855007       0.58211
  45    0.1794       18.4482        0.0005       91.3005       91.3010      72.852848       0.59258
  44    0.2165       18.4481        0.0007       91.2977       91.2984      72.850329       0.57324
  43    0.2613       18.4480        0.0009       91.2944       91.2954      72.847391       0.55372
  42    0.3336       18.4478        0.0013       91.2892       91.2904      72.842646       0.55318
  41    0.4307       18.4476        0.0017       91.2824       91.2842      72.836599       0.52581
  40    0.5894       18.4472        0.0025       91.2720       91.2745      72.827259       0.49670
  39     1.339       18.4464        0.0060       91.2280       91.2340      72.787557       0.44697
  38     1.782       18.4464        0.0080       91.2036       91.2117      72.765223       0.42520
  37     2.292       18.4469        0.0104       91.1748       91.1852      72.738290       0.44608
  36     2.964       18.4483        0.0136       91.1345       91.1481      72.699790       0.48329
  35     3.853       18.4511        0.0177       91.0767       91.0944      72.643277       0.53632
  34     5.035       18.4559        0.0232       90.9949       91.0181      72.562243       0.57887
  33     6.613       18.4627        0.0306       90.8836       90.9142      72.451459       0.59225
  32     8.786       18.4714        0.0404       90.7387       90.7792      72.307731       0.55819
  31     11.80       18.4819        0.0545       90.5467       90.6013      72.119374       0.52734
  30     15.07       18.4908        0.0697       90.3581       90.4278      71.936970       0.47093
  29     18.79       18.4988        0.0867       90.1610       90.2477      71.748842       0.42655
  28     23.16       18.5058        0.1065       89.9489       90.0555      71.549729       0.38502
  27     28.12       18.5109        0.1292       89.7276       89.8568      71.345926       0.34645
  26     33.73       18.5127        0.1546       89.5093       89.6638      71.151165       0.29283
  25     40.54       18.5102        0.1851       89.2795       89.4646      70.954402       0.24411
  24     48.69       18.5027        0.2219       89.0363       89.2582      70.755537       0.20579
  23     57.69       18.4901        0.2624       88.8023       89.0647      70.574548       0.16965
  22     68.43       18.4705        0.3104       88.5594       88.8699      70.399415       0.13768
  21     81.20       18.4406        0.3677       88.3172       88.6850      70.244370       0.10245
  20     96.49       18.3991        0.4360       88.0723       88.5083      70.109222       0.07459
  19     114.6       18.3498        0.5174       87.8017       88.3191      69.969360       0.06531
  18     136.5       18.2886        0.6137       87.4961       88.1098      69.821238       0.05696
  17     162.9       18.2132        0.7282       87.1428       87.8710      69.657773       0.05225
  16     196.4       18.1102        0.8763       86.7061       87.5824      69.472258       0.04670
  15     218.7       18.0406        0.9734       86.4256       87.3990      69.358471       0.04320
  14     243.0       17.9640        1.0788       86.1217       87.2005      69.236483       0.04231
  13     269.0       17.8802        1.1928       85.7930       86.9857      69.105542       0.04248
  12     297.5       17.7889        1.3157       85.4364       86.7521      68.963196       0.04222
  11     328.5       17.6900        1.4482       85.0483       86.4965      68.806556       0.04259
  10     361.9       17.5833        1.5905       84.6262       86.2167      68.633396       0.04381
   9     398.1       17.4686        1.7432       84.1657       85.9089      68.440299       0.04499
   8     437.6       17.3459        1.9066       83.6592       85.5658      68.219892       0.04712
   7     480.5       17.2154        2.0810       83.1007       85.1817      67.966387       0.04979
   6     533.0       17.0567        2.2945       82.3845       84.6790      67.622371       0.05534
   5     589.8       16.8898        2.5227       81.5621       84.0848      67.195003       0.06344
   4     651.6       16.7196        2.7647       80.5782       83.3429      66.623313       0.07818
   3     718.7       16.5493        3.0190       79.4263       82.4453      65.896025       0.09140
   2     792.3       16.3902        3.2824       78.0490       81.3314      64.941189       0.10951
   1     891.5       16.2307        3.6202       75.9640       79.5843      63.353580       0.13510
   0    1013.0       16.1468        4.0004       73.2572       77.2576      61.110780       0.15573



 Wavenumbers: 16000. - 22650. cm-1, ATM      1
 LEVEL PRESSURE   UPWARD FLUX   DIFDOWN FLUX  DIRDOWN FLUX  DOWNWARD FLUX   NET FLUX    HEATING RATE
          mb          W/m2          W/m2          W/m2        W/m2          W/m2       degree/day
  51    .06700       31.2873        0.0000      145.5824      145.5824     114.295078       0.00000
  50    .07753       31.2871        0.0003      145.5818      145.5821     114.294996       0.06562
  49    .09103       31.2868        0.0007      145.5810      145.5817     114.294877       0.07443
  48    0.1069       31.2865        0.0011      145.5802      145.5813     114.294718       0.08487
  47    0.1255       31.2862        0.0016      145.5791      145.5807     114.294504       0.09674
  46    0.1487       31.2858        0.0022      145.5777      145.5800     114.294190       0.11464
  45    0.1794       31.2852        0.0031      145.5758      145.5789     114.293698       0.13497
  44    0.2165       31.2845        0.0041      145.5735      145.5776     114.293031       0.15169
  43    0.2613       31.2838        0.0053      145.5706      145.5759     114.292126       0.17054
  42    0.3336       31.2825        0.0073      145.5656      145.5729     114.290406       0.20055
  41    0.4307       31.2809        0.0099      145.5588      145.5687     114.287814       0.22543
  40    0.5894       31.2783        0.0142      145.5469      145.5612     114.282869       0.26295
  39     1.339       31.2679        0.0346      145.4796      145.5143     114.246345       0.41120
  38     1.782       31.2631        0.0466      145.4317      145.4783     114.215239       0.59220
  37     2.292       31.2587        0.0605      145.3685      145.4289     114.170226       0.74553
  36     2.964       31.2547        0.0786      145.2734      145.3521     114.097336       0.91499
  35     3.853       31.2521        0.1026      145.1312      145.2338     113.981754       1.09690
  34     5.035       31.2511        0.1345      144.9261      145.0606     113.809486       1.23061
  33     6.613       31.2510        0.1769      144.6446      144.8215     113.570423       1.27803
  32     8.786       31.2496        0.2340      144.2756      144.5096     113.259938       1.20581
  31     11.80       31.2426        0.3155      143.7830      144.0984     112.855849       1.13132
  30     15.07       31.2292        0.4027      143.2948      143.6975     112.468228       1.00076
  29     18.79       31.2089        0.5010      142.7800      143.2810     112.072092       0.89816
  28     23.16       31.1791        0.6154      142.2208      142.8362     111.657120       0.80242
  27     28.12       31.1381        0.7458      141.6298      142.3757     111.237624       0.71311
  26     33.73       31.0821        0.8914      141.0356      141.9269     110.844874       0.59051
  25     40.54       31.0029        1.0667      140.3941      141.4608     110.457974       0.47999
  24     48.69       30.8962        1.2774      139.6951      140.9725     110.076261       0.39501
  23     57.69       30.7682        1.5079      138.9984      140.5063     109.738058       0.31701
  22     68.43       30.6043        1.7814      138.2445      140.0260     109.421673       0.24872
  21     81.20       30.3933        2.1060      137.4481      139.5541     109.160862       0.17234
  20     96.49       30.1273        2.4909      136.5933      139.0842     108.956898       0.11257
  19     114.6       29.8052        2.9448      135.6266      138.5714     108.766240       0.08902
  18     136.5       29.4183        3.4783      134.5195      137.9978     108.579422       0.07184
  17     162.9       28.9533        4.1073      133.2392      137.3464     108.393126       0.05955
  16     196.4       28.3409        4.9133      131.6540      136.5673     108.226463       0.04195
  15     218.7       27.9353        5.4367      130.6434      136.0801     108.144739       0.03103
  14     243.0       27.4931        6.0003      129.5619      135.5622     108.069092       0.02624
  13     269.0       27.0124        6.6048      128.4082      135.0131     108.000718       0.02218
  12     297.5       26.4914        7.2510      127.1801      134.4311     107.939726       0.01809
  11     328.5       25.9278        7.9409      125.8674      133.8083     107.880492       0.01611
  10     361.9       25.3203        8.6741      124.4693      133.1434     107.823061       0.01453
   9     398.1       24.6659        9.4521      122.9807      132.4328     107.766915       0.01308
   8     437.6       23.9626       10.2749      121.3980      131.6729     107.710351       0.01209
   7     480.5       23.2080       11.1425      119.7187      130.8612     107.653180       0.01123
   6     533.0       22.2783       12.1901      117.6732      129.8633     107.584978       0.01097
   5     589.8       21.2750       13.2945      115.4900      128.7845     107.509427       0.01121
   4     651.6       20.1952       14.4532      113.1600      127.6132     107.418079       0.01249
   3     718.7       19.0350       15.6635      110.6756      126.3391     107.304129       0.01432
   2     792.3       17.7929       16.9195      108.0251      124.9446     107.151731       0.01748
   1     891.5       16.1179       18.5472      104.4512      122.9984     106.880545       0.02308
   0    1013.0       14.1082       20.3990      100.1837      120.5827     106.474519       0.02819



 Wavenumbers: 22650. - 29000. cm-1, ATM      1
 LEVEL PRESSURE   UPWARD FLUX   DIFDOWN FLUX  DIRDOWN FLUX  DOWNWARD FLUX   NET FLUX    HEATING RATE
          mb          W/m2          W/m2          W/m2        W/m2          W/m2       degree/day
  51    .06700       17.9893        0.0000       54.9377       54.9377      36.948429       0.00000
  50    .07753       17.9891        0.0003       54.9372       54.9375      36.948429       0.00000
  49    .09103       17.9888        0.0008       54.9365       54.9372      36.948429       0.00000
  48    0.1069       17.9885        0.0012       54.9357       54.9369      36.948429       0.00000
  47    0.1255       17.9881        0.0018       54.9348       54.9366      36.948429       0.00000
  46    0.1487       17.9877        0.0025       54.9336       54.9361      36.948429       0.00000
  45    0.1794       17.9871        0.0035       54.9320       54.9355      36.948429       0.00000
  44    0.2165       17.9863        0.0046       54.9301       54.9348      36.948429       0.00000
  43    0.2613       17.9855        0.0060       54.9279       54.9339      36.948429       0.00000
  42    0.3336       17.9840        0.0082       54.9243       54.9325      36.948429       0.00000
  41    0.4307       17.9821        0.0111       54.9194       54.9306      36.948429       0.00000
  40    0.5894       17.9790        0.0160       54.9115       54.9274      36.948429       0.00000
  39     1.339       17.9643        0.0389       54.8739       54.9127      36.948429       0.00000
  38     1.782       17.9557        0.0523       54.8518       54.9041      36.948429       0.00000
  37     2.292       17.9457        0.0678       54.8263       54.8941      36.948429       0.00000
  36     2.964       17.9326        0.0882       54.7928       54.8810      36.948429       0.00000
  35     3.853       17.9152        0.1151       54.7485       54.8636      36.948429       0.00000
  34     5.035       17.8922        0.1509       54.6897       54.8406      36.948429       0.00000
  33     6.613       17.8614        0.1986       54.6113       54.8098      36.948429       0.00000
  32     8.786       17.8199        0.2627       54.5056       54.7684      36.948429       0.00000
  31     11.80       17.7606        0.3543       54.3548       54.7090      36.948429       0.00000
  30     15.07       17.6970        0.4523       54.1931       54.6454      36.948429       0.00000
  29     18.79       17.6251        0.5626       54.0109       54.5735      36.948429       0.00000
  28     23.16       17.5411        0.6909       53.7987       54.4896      36.948429       0.00000
  27     28.12       17.4452        0.8369       53.5568       54.3937      36.948429       0.00000
  26     33.73       17.3380        0.9994       53.2870       54.2865      36.948429       0.00000
  25     40.54       17.2087        1.1944       52.9627       54.1571      36.948429       0.00000
  24     48.69       17.0530        1.4276       52.5738       54.0014      36.948429       0.00000
  23     57.69       16.8824        1.6812       52.1496       53.8308      36.948429       0.00000
  22     68.43       16.6796        1.9799       51.6482       53.6281      36.948429       0.00000
  21     81.20       16.4389        2.3308       51.0566       53.3873      36.948429       0.00000
  20     96.49       16.1531        2.7419       50.3596       53.1016      36.948429       0.00000
  19     114.6       15.8155        3.2203       49.5437       52.7640      36.948429       0.00000
  18     136.5       15.4177        3.7736       48.5925       52.3661      36.948429       0.00000
  17     162.9       14.9472        4.4133       47.4823       51.8956      36.948429       0.00000
  16     196.4       14.3423        5.2123       46.0784       51.2907      36.948429       0.00000
  15     218.7       13.9481        5.7188       45.1778       50.8966      36.948429       0.00000
  14     243.0       13.5224        6.2532       44.2176       50.4709      36.948429       0.00000
  13     269.0       13.0641        6.8138       43.1988       50.0126      36.948429       0.00000
  12     297.5       12.5723        7.3982       42.1225       49.5208      36.948429       0.00000
  11     328.5       12.0447        8.0056       40.9876       48.9932      36.948429       0.00000
  10     361.9       11.4809        8.6319       39.7974       48.4293      36.948429       0.00000
   9     398.1       10.8788        9.2750       38.5522       47.8272      36.948429       0.00000
   8     437.6       10.2372        9.9307       37.2549       47.1856      36.948429       0.00000
   7     480.5        9.5550       10.5946       35.9088       46.5034      36.948429       0.00000
   6     533.0        8.7224       11.3587       34.3121       45.6708      36.948429       0.00000
   5     589.8        7.8327       12.1187       32.6625       44.7812      36.948429       0.00000
   4     651.6        6.8845       12.8641       30.9689       43.8329      36.948429       0.00000
   3     718.7        5.8746       13.5877       29.2353       42.8230      36.948429       0.00000
   2     792.3        4.8025       14.2735       27.4774       41.7509      36.948429       0.00000
   1     891.5        3.3680       15.0615       25.2550       40.3165      36.948429       0.00000
   0    1013.0        1.6602       15.8136       22.7950       38.6086      36.948429       0.00000



 Wavenumbers: 29000. - 38000. cm-1, ATM      1
 LEVEL PRESSURE   UPWARD FLUX   DIFDOWN FLUX  DIRDOWN FLUX  DOWNWARD FLUX   NET FLUX    HEATING RATE
          mb          W/m2          W/m2          W/m2        W/m2          W/m2       degree/day
  51    .06700        4.0981        0.0000       19.3734       19.3734      15.275367       0.00000
  50    .07753        4.0978        0.0003       19.3691       19.3694      15.271566       3.04636
  49    .09103        4.0976        0.0007       19.3630       19.3636      15.266039       3.45449
  48    0.1069        4.0973        0.0011       19.3548       19.3559      15.258645       3.93631
  47    0.1255        4.0969        0.0015       19.3441       19.3457      15.248762       4.48017
  46    0.1487        4.0965        0.0022       19.3285       19.3307      15.234237       5.29466
  45    0.1794        4.0959        0.0030       19.3045       19.3075      15.211642       6.20283
  44    0.2165        4.0952        0.0039       19.2725       19.2764      15.181235       6.91714
  43    0.2613        4.0944        0.0051       19.2298       19.2349      15.140433       7.69094
  42    0.3336        4.0932        0.0069       19.1506       19.1575      15.064349       8.87064
  41    0.4307        4.0916        0.0094       19.0356       19.0450      14.953351       9.65105
  40    0.5894        4.0892        0.0133       18.8293       18.8426      14.753397      10.63327
  39     1.339        4.0803        0.0296       17.6950       17.7246      13.644281      12.48663
  38     1.782        4.0767        0.0379       17.0671       17.1050      13.028236      11.72850
  37     2.292        4.0739        0.0468       16.4371       16.4838      12.409865      10.24184
  36     2.964        4.0722        0.0576       15.7514       15.8090      11.736793       8.44909
  35     3.853        4.0724        0.0711       15.0226       15.0936      11.021191       6.79119
  34     5.035        4.0753        0.0880       14.2812       14.3691      10.293809       5.19612
  33     6.613        4.0810        0.1093       13.5621       13.6714       9.590464       3.76008
  32     8.786        4.0887        0.1372       12.8823       13.0195       8.930748       2.56210
  31     11.80        4.0978        0.1755       12.2145       12.3900       8.292219       1.78768
  30     15.07        4.1051        0.2151       11.7018       11.9169       7.811810       1.24032
  29     18.79        4.1113        0.2585       11.2561       11.5145       7.403216       0.92641
  28     23.16        4.1162        0.3074       10.8436       11.1510       7.034799       0.71240
  27     28.12        4.1190        0.3618       10.4627       10.8246       6.705583       0.55964
  26     33.73        4.1168        0.4214       10.1225       10.5440       6.427115       0.41868
  25     40.54        4.1079        0.4920        9.7913       10.2833       6.175423       0.31225
  24     48.69        4.0911        0.5751        9.4614       10.0365       5.945451       0.23799
  23     57.69        4.0667        0.6642        9.1574        9.8216       5.754920       0.17859
  22     68.43        4.0310        0.7678        8.8498        9.6177       5.586686       0.13225
  21     81.20        3.9784        0.8891        8.5442        9.4333       5.454934       0.08706
  20     96.49        3.9065        1.0302        8.2327        9.2628       5.356336       0.05442
  19     114.6        3.8176        1.1909        7.8968        9.0877       5.270114       0.04026
  18     136.5        3.7115        1.3718        7.5287        8.9004       5.188954       0.03121
  17     162.9        3.5855        1.5737        7.1230        8.6967       5.111258       0.02483
  16     196.4        3.4201        1.8175        6.6472        8.4647       5.044652       0.01677
  15     218.7        3.3118        1.9669        6.3578        8.3247       5.012942       0.01204
  14     243.0        3.1952        2.1197        6.0598        8.1795       4.984212       0.00996
  13     269.0        3.0703        2.2745        5.7547        8.0292       4.958934       0.00820
  12     297.5        2.9368        2.4300        5.4439        7.8740       4.937140       0.00646
  11     328.5        2.7950        2.5842        5.1276        7.7118       4.916780       0.00554
  10     361.9        2.6449        2.7354        4.8075        7.5428       4.897911       0.00477
   9     398.1        2.4862        2.8818        4.4850        7.3668       4.880539       0.00405
   8     437.6        2.3189        3.0216        4.1616        7.1832       4.864315       0.00347
   7     480.5        2.1430        3.1517        3.8408        6.9925       4.849453       0.00292
   6     533.0        1.9308        3.2867        3.4780        6.7647       4.833909       0.00250
   5     589.8        1.7069        3.4032        3.1233        6.5265       4.819590       0.00213
   4     651.6        1.4712        3.4972        2.7803        6.2776       4.806348       0.00181
   3     718.7        1.2231        3.5660        2.4513        6.0173       4.794184       0.00153
   2     792.3        0.9623        3.6056        2.1399        5.7454       4.783124       0.00127
   1     891.5        0.6166        3.6101        1.7772        5.3873       4.770730       0.00105
   0    1013.0        0.2086        3.5504        1.4171        4.9674       4.758812       0.00083



 Wavenumbers: 38000. - 50000. cm-1, ATM      1
 LEVEL PRESSURE   UPWARD FLUX   DIFDOWN FLUX  DIRDOWN FLUX  DOWNWARD FLUX   NET FLUX    HEATING RATE
          mb          W/m2          W/m2          W/m2        W/m2          W/m2       degree/day
  51    .06700        0.0065        0.0000        1.1950        1.1950       1.188530       0.00000
  50    .07753        0.0064        0.0001        1.1926        1.1926       1.186210       1.85997
  49    .09103        0.0064        0.0002        1.1891        1.1893       1.182903       2.06675
  48    0.1069        0.0063        0.0002        1.1846        1.1848       1.178564       2.30979
  47    0.1255        0.0062        0.0004        1.1787        1.1791       1.172868       2.58229
  46    0.1487        0.0061        0.0005        1.1702        1.1707       1.164639       2.99961
  45    0.1794        0.0059        0.0007        1.1573        1.1580       1.152038       3.45925
  44    0.2165        0.0057        0.0009        1.1402        1.1411       1.135363       3.79326
  43    0.2613        0.0056        0.0011        1.1178        1.1189       1.113392       4.14145
  42    0.3336        0.0052        0.0015        1.0771        1.0786       1.073381       4.66487
  41    0.4307        0.0049        0.0020        1.0197        1.0216       1.016786       4.92084
  40    0.5894        0.0043        0.0026        0.9216        0.9242       0.919872       5.15372
  39     1.339        0.0026        0.0035        0.4909        0.4944       0.491804       4.81927
  38     1.782        0.0020        0.0032        0.3313        0.3346       0.332540       3.03214
  37     2.292        0.0016        0.0028        0.2225        0.2253       0.223753       1.80179
  36     2.964        0.0012        0.0025        0.1471        0.1496       0.148381       0.94615
  35     3.853        0.0009        0.0021        0.0958        0.0979       0.097011       0.48751
  34     5.035        0.0006        0.0018        0.0611        0.0629       0.062239       0.24839
  33     6.613        0.0004        0.0015        0.0376        0.0391       0.038632       0.12621
  32     8.786        0.0003        0.0012        0.0213        0.0224       0.022146       0.06402
  31     11.80        0.0001        0.0008        0.0102        0.0110       0.010867       0.03158
  30     15.07        0.0001        0.0005        0.0050        0.0055       0.005438       0.01402
  29     18.79        0.0000        0.0003        0.0023        0.0027       0.002640       0.00634
  28     23.16        0.0000        0.0002        0.0010        0.0012       0.001207       0.00277
  27     28.12        0.0000        0.0001        0.0004        0.0005       0.000527       0.00116
  26     33.73        0.0000        0.0001        0.0002        0.0002       0.000228       0.00045
  25     40.54        0.0000        0.0000        0.0001        0.0001       0.000091       0.00017
  24     48.69        0.0000        0.0000        0.0000        0.0000       0.000033       0.00006
  23     57.69        0.0000        0.0000        0.0000        0.0000       0.000012       0.00002
  22     68.43        0.0000        0.0000        0.0000        0.0000       0.000004       0.00001
  21     81.20        0.0000        0.0000        0.0000        0.0000       0.000001       0.00000
  20     96.49        0.0000        0.0000        0.0000        0.0000       0.000000       0.00000
  19     114.6        0.0000        0.0000        0.0000        0.0000       0.000000       0.00000
  18     136.5        0.0000        0.0000        0.0000        0.0000       0.000000       0.00000
  17     162.9        0.0000        0.0000        0.0000        0.0000       0.000000       0.00000
  16     196.4        0.0000        0.0000        0.0000        0.0000       0.000000       0.00000
  15     218.7        0.0000        0.0000        0.0000        0.0000       0.000000       0.00000
  14     243.0        0.0000        0.0000        0.0000        0.0000       0.000000       0.00000
  13     269.0        0.0000        0.0000        0.0000        0.0000       0.000000       0.00000
  12     297.5        0.0000        0.0000        0.0000        0.0000       0.000000       0.00000
  11     328.5        0.0000        0.0000        0.0000        0.0000       0.000000       0.00000
  10     361.9        0.0000        0.0000        0.0000        0.0000       0.000000       0.00000
   9     398.1        0.0000        0.0000        0.0000        0.0000       0.000000       0.00000
   8     437.6        0.0000        0.0000        0.0000        0.0000       0.000000       0.00000
   7     480.5        0.0000        0.0000        0.0000        0.0000       0.000000       0.00000
   6     533.0        0.0000        0.0000        0.0000        0.0000       0.000000       0.00000
   5     589.8        0.0000        0.0000        0.0000        0.0000       0.000000       0.00000
   4     651.6        0.0000        0.0000        0.0000        0.0000       0.000000       0.00000
   3     718.7        0.0000        0.0000        0.0000        0.0000       0.000000       0.00000
   2     792.3        0.0000        0.0000        0.0000        0.0000       0.000000       0.00000
   1     891.5        0.0000        0.0000        0.0000        0.0000       0.000000       0.00000
   0    1013.0        0.0000        0.0000        0.0000        0.0000       0.000000       0.00000



 Wavenumbers:   820. -  2600. cm-1, ATM      1
 LEVEL PRESSURE   UPWARD FLUX   DIFDOWN FLUX  DIRDOWN FLUX  DOWNWARD FLUX   NET FLUX    HEATING RATE
          mb          W/m2          W/m2          W/m2        W/m2          W/m2       degree/day
  51    .06700        0.0291        0.0000        5.5897        5.5897       5.560655       0.00000
  50    .07753        0.0291        0.0000        5.5861        5.5861       5.557019       2.91440
  49    .09103        0.0291        0.0000        5.5852        5.5852       5.556145       0.54587
  48    0.1069        0.0291        0.0000        5.5842        5.5842       5.555168       0.52058
  47    0.1255        0.0291        0.0000        5.5831        5.5831       5.554070       0.49741
  46    0.1487        0.0291        0.0000        5.5818        5.5818       5.552748       0.48206
  45    0.1794        0.0291        0.0000        5.5802        5.5802       5.551086       0.45634
  44    0.2165        0.0291        0.0000        5.5784        5.5784       5.549318       0.40214
  43    0.2613        0.0291        0.0000        5.5765        5.5765       5.547444       0.35322
  42    0.3336        0.0291        0.0000        5.5738        5.5738       5.544683       0.32188
  41    0.4307        0.0291        0.0000        5.5704        5.5704       5.541321       0.29235
  40    0.5894        0.0291        0.0000        5.5650        5.5650       5.535934       0.28644
  39     1.339        0.0291        0.0000        5.5401        5.5401       5.511065       0.27999
  38     1.782        0.0291        0.0000        5.5264        5.5264       5.497286       0.26232
  37     2.292        0.0291        0.0000        5.5110        5.5110       5.481954       0.25394
  36     2.964        0.0291        0.0000        5.4918        5.4918       5.462763       0.24091
  35     3.853        0.0291        0.0000        5.4680        5.4680       5.438891       0.22655
  34     5.035        0.0291        0.0000        5.4385        5.4385       5.409414       0.21057
  33     6.613        0.0291        0.0000        5.4019        5.4019       5.372783       0.19583
  32     8.786        0.0291        0.0000        5.3561        5.3561       5.327057       0.17758
  31     11.80        0.0291        0.0000        5.3001        5.3001       5.271006       0.15693
  30     15.07        0.0291        0.0000        5.2538        5.2538       5.224675       0.11962
  29     18.79        0.0291        0.0000        5.2163        5.2163       5.187204       0.08496
  28     23.16        0.0291        0.0000        5.1859        5.1859       5.156836       0.05872
  27     28.12        0.0291        0.0000        5.1602        5.1602       5.131147       0.04367
  26     33.73        0.0291        0.0000        5.1361        5.1361       5.107015       0.03628
  25     40.54        0.0291        0.0000        5.1091        5.1091       5.080065       0.03343
  24     48.69        0.0291        0.0000        5.0780        5.0780       5.048958       0.03219
  23     57.69        0.0291        0.0000        5.0448        5.0448       5.015694       0.03118
  22     68.43        0.0291        0.0000        5.0062        5.0062       4.977149       0.03030
  21     81.20        0.0291        0.0000        4.9623        4.9623       4.933224       0.02903
  20     96.49        0.0291        0.0000        4.9121        4.9122       4.883079       0.02768
  19     114.6        0.0291        0.0000        4.8548        4.8548       4.825695       0.02679
  18     136.5        0.0291        0.0000        4.7899        4.7899       4.760868       0.02493
  17     162.9        0.0291        0.0000        4.7110        4.7110       4.681926       0.02523
  16     196.4        0.0291        0.0000        4.5954        4.5954       4.566351       0.02909
  15     218.7        0.0291        0.0000        4.4942        4.4942       4.465121       0.03843
  14     243.0        0.0291        0.0000        4.3553        4.3553       4.326228       0.04817
  13     269.0        0.0291        0.0000        4.1960        4.1961       4.166958       0.05167
  12     297.5        0.0291        0.0000        4.0148        4.0148       3.985678       0.05377
  11     328.5        0.0291        0.0000        3.8085        3.8085       3.779343       0.05610
  10     361.9        0.0292        0.0000        3.5698        3.5698       3.540644       0.06039
   9     398.1        0.0292        0.0000        3.3243        3.3243       3.295066       0.05721
   8     437.6        0.0293        0.0000        3.1063        3.1064       3.077078       0.04661
   7     480.5        0.0294        0.0000        2.9460        2.9460       2.916659       0.03151
   6     533.0        0.0295        0.0000        2.8102        2.8102       2.780755       0.02186
   5     589.8        0.0297        0.0000        2.6727        2.6727       2.643027       0.02044
   4     651.6        0.0300        0.0000        2.4974        2.4974       2.467393       0.02402
   3     718.7        0.0306        0.0000        2.2979        2.2980       2.267353       0.02514
   2     792.3        0.0318        0.0000        2.0837        2.0837       2.051937       0.02471
   1     891.5        0.0346        0.0000        1.7881        1.7881       1.753483       0.02540
   0    1013.0        0.0418        0.0000        1.3920        1.3920       1.350254       0.02800

  Modules and versions used in this calculation:

       rrtmg_sw.1col.f90:  $Revision: 32245 $            rrtmg_sw_init.f90:  $Revision: 30822 $
     rrtmgsw_cldprop.f90:  $Revision: 29812 $          rrtmgsw_cldprmc.f90:  NOT USED          
     rrtmg_sw_reftra.f90:  $Revision: 29812 $          rrtmg_sw_spcvrt.f90:  NOT USED          
     rrtmg_sw_spcvmc.f90:  NOT USED                    rrtmgsw_setcoef.f90:  NOT USED          
     rrtmg_sw_taumol.f90:  $Revision: 30822 $          rrtmg_sw_vrtqdr.f90:  NOT USED          
                rrtatm.f:  NOT USED                             util_xxx.f:  NOT USED          
                 extra.f:  NOT USED                       rrtmg_sw_k_g.f90:  $Revision: 30822 $

