

 Wavenumbers:   820. - 50000. cm-1, ATM      1
 LEVEL PRESSURE   UPWARD FLUX   DIFDOWN FLUX  DIRDOWN FLUX  DOWNWARD FLUX   NET FLUX    HEATING RATE
          mb          W/m2          W/m2          W/m2        W/m2          W/m2       degree/day
  47   .000061      176.7578        0.0000      962.2730      962.2730     785.515144       0.00000
  46   .000117      176.7578        0.0000      962.2729      962.2729     785.515049      14.36694
  45   .000258      176.7578        0.0000      962.2725      962.2725     785.514674      22.40570
  44   .000625      176.7578        0.0001      962.2714      962.2715     785.513692      22.58384
  43   .001640      176.7577        0.0002      962.2691      962.2693     785.511529      17.98154
  42   .004480      176.7576        0.0005      962.2635      962.2640     785.506386      15.28509
  41    .01200      176.7571        0.0013      962.2537      962.2550     785.497831       9.59963
  40    .03000      176.7560        0.0031      962.2386      962.2417     785.485703       5.68620
  39    .06700      176.7538        0.0071      962.2072      962.2143     785.460517       5.74462
  38    0.1390      176.7497        0.0147      962.1225      962.1372     785.387434       8.56606
  37    0.2720      176.7429        0.0287      961.8981      961.9268     785.183863      12.91705
  36    0.5150      176.7320        0.0537      961.3762      961.4299     784.697911      16.87660
  35    0.9510      176.7163        0.0973      960.2169      960.3142     783.597919      21.29127
  34     1.290      176.7074        0.1298      959.2263      959.3561     782.648715      23.62972
  33     1.760      176.6994        0.1730      957.8809      958.0539     781.354570      23.23719
  32     2.410      176.6963        0.2318      956.1944      956.4263     779.729963      21.09276
  31     3.330      176.7060        0.3135      954.2864      954.5998     777.893821      16.84290
  30     4.640      176.7380        0.4282      952.2378      952.6660     775.928025      12.66385
  29     6.520      176.7969        0.5913      950.0460      950.6372     773.840361       9.37133
  28     9.300      176.8770        0.8262      947.6989      948.5251     771.648102       6.65496
  27     13.20      176.9638        1.1660      945.1276      946.2936     769.329754       5.01663
  26     19.07      177.0438        1.6592      942.1748      943.8340     766.790153       3.65112
  25     27.70      177.0880        2.3797      938.6975      941.0772     763.989207       2.73900
  24     32.20      177.0759        2.7535      937.1584      939.9119     762.835994       2.16270
  23     37.60      177.0300        3.1898      935.5417      938.7314     761.701397       1.77315
  22     43.70      176.9471        3.6983      933.8139      937.5121     760.565013       1.57215
  21     51.00      176.8182        4.2907      931.9581      936.2488     759.430560       1.31148
  20     59.50      176.6332        4.9818      929.9476      934.9294     758.296233       1.12621
  19     69.50      176.3736        5.7881      927.7729      933.5610     757.187414       0.93575
  18     81.20      176.0113        6.7300      925.4390      932.1689     756.157650       0.74276
  17     95.00      175.5327        7.8292      922.8927      930.7219     755.189280       0.59219
  16     111.0      174.9478        9.1054      920.0135      929.1189     754.171087       0.53704
  15     130.0      174.2439       10.5696      916.7478      927.3174     753.073500       0.48751
  14     153.0      173.4011       12.2686      912.9945      925.2631     751.861950       0.44454
  13     179.0      172.3847       14.2268      908.6553      922.8821     750.497391       0.44291
  12     209.0      171.1826       16.4341      903.3971      919.8313     748.648664       0.52006
  11     243.0      169.8033       18.8719      896.4736      915.3455     745.542227       0.77105
  10     281.0      168.2339       21.5450      886.8915      908.4366     740.202633       1.18583
   9     324.0      166.4628       24.4555      874.9944      899.4499     732.987077       1.41612
   8     372.0      164.4781       27.6020      861.7153      889.3174     724.839228       1.43252
   7     426.0      162.2676       30.9789      846.3680      877.3469     715.079271       1.52529
   6     487.0      159.8202       34.5782      828.7347      863.3128     703.492603       1.60298
   5     554.0      157.1331       38.3859      809.0926      847.4785     690.345391       1.65599
   4     628.0      154.2436       42.3736      786.4843      828.8579     674.614338       1.79401
   3     710.0      151.2437       46.5022      760.6941      807.1962     655.952542       1.92061
   2     802.0      148.3470       50.7296      732.1012      782.8308     634.483859       1.96932
   1     902.0      146.0391       55.0069      701.0769      756.0839     610.044744       2.06245
   0    1013.0      145.5883       59.2842      668.6576      727.9417     582.353397       2.10533



 Wavenumbers:  2600. -  3250. cm-1, ATM      1
 LEVEL PRESSURE   UPWARD FLUX   DIFDOWN FLUX  DIRDOWN FLUX  DOWNWARD FLUX   NET FLUX    HEATING RATE
          mb          W/m2          W/m2          W/m2        W/m2          W/m2       degree/day
  47   .000061        0.5332        0.0000        8.4817        8.4817       7.948487       0.00000
  46   .000117        0.5332        0.0000        8.4817        8.4817       7.948487       0.00457
  45   .000258        0.5332        0.0000        8.4817        8.4817       7.948487       0.00494
  44   .000625        0.5332        0.0000        8.4817        8.4817       7.948487       0.00533
  43   .001640        0.5332        0.0000        8.4817        8.4817       7.948486       0.00568
  42   .004480        0.5332        0.0000        8.4817        8.4817       7.948484       0.00604
  41    .01200        0.5332        0.0000        8.4817        8.4817       7.948479       0.00615
  40    .03000        0.5332        0.0000        8.4817        8.4817       7.948466       0.00603
  39    .06700        0.5332        0.0000        8.4817        8.4817       7.948439       0.00615
  38    0.1390        0.5332        0.0000        8.4816        8.4816       7.948387       0.00611
  37    0.2720        0.5332        0.0000        8.4815        8.4815       7.948291       0.00610
  36    0.5150        0.5332        0.0000        8.4813        8.4813       7.948112       0.00620
  35    0.9510        0.5332        0.0000        8.4810        8.4810       7.947744       0.00713
  34     1.290        0.5332        0.0000        8.4806        8.4806       7.947397       0.00864
  33     1.760        0.5332        0.0000        8.4801        8.4801       7.946822       0.01032
  32     2.410        0.5332        0.0000        8.4791        8.4791       7.945879       0.01224
  31     3.330        0.5332        0.0000        8.4776        8.4776       7.944366       0.01388
  30     4.640        0.5332        0.0000        8.4752        8.4752       7.941995       0.01527
  29     6.520        0.5332        0.0000        8.4716        8.4716       7.938383       0.01622
  28     9.300        0.5332        0.0000        8.4663        8.4663       7.933067       0.01614
  27     13.20        0.5332        0.0000        8.4588        8.4589       7.925625       0.01610
  26     19.07        0.5332        0.0000        8.4492        8.4492       7.915931       0.01394
  25     27.70        0.5332        0.0000        8.4373        8.4373       7.904079       0.01159
  24     32.20        0.5332        0.0000        8.4317        8.4317       7.898456       0.01055
  23     37.60        0.5332        0.0000        8.4251        8.4251       7.891849       0.01033
  22     43.70        0.5332        0.0000        8.4171        8.4172       7.883924       0.01096
  21     51.00        0.5332        0.0000        8.4074        8.4074       7.874151       0.01130
  20     59.50        0.5332        0.0000        8.3951        8.3951       7.861843       0.01222
  19     69.50        0.5332        0.0000        8.3795        8.3795       7.846258       0.01315
  18     81.20        0.5333        0.0000        8.3599        8.3599       7.826631       0.01416
  17     95.00        0.5333        0.0000        8.3355        8.3355       7.802272       0.01490
  16     111.0        0.5333        0.0000        8.3050        8.3051       7.771796       0.01607
  15     130.0        0.5333        0.0001        8.2688        8.2688       7.735493       0.01612
  14     153.0        0.5334        0.0001        8.2261        8.2262       7.692833       0.01565
  13     179.0        0.5334        0.0001        8.1771        8.1772       7.643746       0.01593
  12     209.0        0.5336        0.0001        8.1206        8.1206       7.587087       0.01594
  11     243.0        0.5338        0.0001        8.0485        8.0486       7.514767       0.01795
  10     281.0        0.5343        0.0001        7.9511        7.9512       7.416948       0.02172
   9     324.0        0.5351        0.0001        7.8288        7.8289       7.293860       0.02416
   8     372.0        0.5363        0.0001        7.6824        7.6825       7.146203       0.02596
   7     426.0        0.5382        0.0001        7.4909        7.4911       6.952832       0.03022
   6     487.0        0.5412        0.0002        7.2247        7.2248       6.683573       0.03725
   5     554.0        0.5460        0.0002        6.8692        6.8694       6.323430       0.04536
   4     628.0        0.5541        0.0002        6.3978        6.3979       5.843835       0.05469
   3     710.0        0.5683        0.0002        5.8509        5.8511       5.282765       0.05774
   2     802.0        0.5949        0.0002        5.2401        5.2403       4.645399       0.05847
   1     902.0        0.6480        0.0002        4.5554        4.5556       3.907599       0.06226
   0    1013.0        0.7696        0.0002        3.8480        3.8481       3.078519       0.06303



 Wavenumbers:  3250. -  4000. cm-1, ATM      1
 LEVEL PRESSURE   UPWARD FLUX   DIFDOWN FLUX  DIRDOWN FLUX  DOWNWARD FLUX   NET FLUX    HEATING RATE
          mb          W/m2          W/m2          W/m2        W/m2          W/m2       degree/day
  47   .000061        0.0007        0.0000       14.2999       14.2999      14.299235       0.00000
  46   .000117        0.0007        0.0000       14.2999       14.2999      14.299226       1.29560
  45   .000258        0.0007        0.0000       14.2999       14.2999      14.299189       2.24436
  44   .000625        0.0007        0.0000       14.2997       14.2997      14.299042       3.36276
  43   .001640        0.0007        0.0000       14.2992       14.2992      14.298560       4.00830
  42   .004480        0.0007        0.0000       14.2979       14.2979      14.297233       3.94302
  41    .01200        0.0007        0.0000       14.2950       14.2950      14.294349       3.23722
  40    .03000        0.0007        0.0000       14.2905       14.2905      14.289881       2.09453
  39    .06700        0.0007        0.0000       14.2851       14.2851      14.284432       1.24292
  38    0.1390        0.0007        0.0000       14.2775       14.2775      14.276820       0.89223
  37    0.2720        0.0007        0.0000       14.2665       14.2665      14.265818       0.69810
  36    0.5150        0.0007        0.0000       14.2523       14.2523      14.251629       0.49278
  35    0.9510        0.0007        0.0000       14.2326       14.2326      14.231932       0.38125
  34     1.290        0.0007        0.0000       14.2194       14.2194      14.218705       0.32928
  33     1.760        0.0007        0.0000       14.2037       14.2037      14.202996       0.28207
  32     2.410        0.0007        0.0000       14.1854       14.1854      14.184745       0.23695
  31     3.330        0.0007        0.0000       14.1640       14.1640      14.163350       0.19626
  30     4.640        0.0007        0.0000       14.1379       14.1379      14.137209       0.16840
  29     6.520        0.0007        0.0000       14.1034       14.1034      14.102723       0.15481
  28     9.300        0.0006        0.0000       14.0536       14.0536      14.052942       0.15112
  27     13.20        0.0006        0.0000       13.9778       13.9778      13.977179       0.16394
  26     19.07        0.0006        0.0000       13.8613       13.8613      13.860646       0.16754
  25     27.70        0.0006        0.0000       13.6851       13.6852      13.684551       0.17220
  24     32.20        0.0006        0.0000       13.5951       13.5951      13.594514       0.16885
  23     37.60        0.0006        0.0001       13.4941       13.4942      13.493545       0.15780
  22     43.70        0.0006        0.0001       13.3832       13.3832      13.382647       0.15342
  21     51.00        0.0006        0.0001       13.2641       13.2642      13.263599       0.13762
  20     59.50        0.0006        0.0001       13.1373       13.1373      13.136752       0.12594
  19     69.50        0.0006        0.0001       13.0017       13.0018      13.001221       0.11438
  18     81.20        0.0006        0.0001       12.8525       12.8526      12.852061       0.10759
  17     95.00        0.0005        0.0001       12.6838       12.6839      12.683405       0.10314
  16     111.0        0.0005        0.0001       12.4819       12.4820      12.481480       0.10650
  15     130.0        0.0005        0.0002       12.2525       12.2526      12.252128       0.10187
  14     153.0        0.0005        0.0002       11.9857       11.9859      11.985397       0.09787
  13     179.0        0.0004        0.0002       11.6628       11.6630      11.662548       0.10479
  12     209.0        0.0004        0.0002       11.1659       11.1661      11.165690       0.13977
  11     243.0        0.0004        0.0003       10.3820       10.3822      10.381863       0.19455
  10     281.0        0.0003        0.0003        9.2398        9.2400       9.239684       0.25366
   9     324.0        0.0003        0.0003        7.9720        7.9723       7.971948       0.24880
   8     372.0        0.0003        0.0002        6.7335        6.7337       6.733419       0.21775
   7     426.0        0.0003        0.0002        5.5362        5.5364       5.536164       0.18711
   6     487.0        0.0002        0.0002        4.4770        4.4772       4.476992       0.14653
   5     554.0        0.0002        0.0002        3.5186        3.5188       3.518545       0.12072
   4     628.0        0.0003        0.0001        2.5823        2.5825       2.582198       0.10678
   3     710.0        0.0003        0.0001        1.6739        1.6740       1.673625       0.09351
   2     802.0        0.0006        0.0001        0.9008        0.9009       0.900291       0.07094
   1     902.0        0.0020        0.0000        0.3652        0.3652       0.363262       0.04532
   0    1013.0        0.0163        0.0000        0.0815        0.0815       0.065234       0.02266



 Wavenumbers:  4000. -  4650. cm-1, ATM      1
 LEVEL PRESSURE   UPWARD FLUX   DIFDOWN FLUX  DIRDOWN FLUX  DOWNWARD FLUX   NET FLUX    HEATING RATE
          mb          W/m2          W/m2          W/m2        W/m2          W/m2       degree/day
  47   .000061        2.0236        0.0000       16.7933       16.7933      14.769771       0.00000
  46   .000117        2.0236        0.0000       16.7933       16.7933      14.769771       0.00058
  45   .000258        2.0236        0.0000       16.7933       16.7933      14.769771       0.00062
  44   .000625        2.0236        0.0000       16.7933       16.7933      14.769771       0.00067
  43   .001640        2.0236        0.0000       16.7933       16.7933      14.769771       0.00071
  42   .004480        2.0236        0.0000       16.7933       16.7933      14.769771       0.00075
  41    .01200        2.0236        0.0000       16.7933       16.7933      14.769770       0.00077
  40    .03000        2.0236        0.0000       16.7933       16.7933      14.769769       0.00075
  39    .06700        2.0236        0.0000       16.7933       16.7933      14.769765       0.00077
  38    0.1390        2.0236        0.0000       16.7933       16.7933      14.769759       0.00076
  37    0.2720        2.0236        0.0000       16.7933       16.7933      14.769747       0.00076
  36    0.5150        2.0236        0.0000       16.7933       16.7933      14.769724       0.00078
  35    0.9510        2.0236        0.0000       16.7932       16.7932      14.769678       0.00089
  34     1.290        2.0236        0.0000       16.7932       16.7932      14.769635       0.00109
  33     1.760        2.0236        0.0000       16.7931       16.7931      14.769561       0.00131
  32     2.410        2.0236        0.0000       16.7930       16.7930      14.769439       0.00158
  31     3.330        2.0236        0.0000       16.7928       16.7928      14.769239       0.00184
  30     4.640        2.0236        0.0000       16.7924       16.7925      14.768911       0.00211
  29     6.520        2.0236        0.0000       16.7919       16.7919      14.768379       0.00239
  28     9.300        2.0235        0.0000       16.7910       16.7911      14.767513       0.00263
  27     13.20        2.0235        0.0001       16.7896       16.7896      14.766097       0.00306
  26     19.07        2.0235        0.0001       16.7872       16.7873      14.763774       0.00334
  25     27.70        2.0235        0.0001       16.7833       16.7835      14.759958       0.00373
  24     32.20        2.0235        0.0001       16.7811       16.7812      14.757746       0.00415
  23     37.60        2.0235        0.0001       16.7782       16.7784      14.754880       0.00448
  22     43.70        2.0235        0.0002       16.7745       16.7747      14.751206       0.00508
  21     51.00        2.0235        0.0002       16.7698       16.7700      14.746549       0.00538
  20     59.50        2.0235        0.0002       16.7640       16.7642      14.740733       0.00577
  19     69.50        2.0235        0.0003       16.7568       16.7571      14.733593       0.00603
  18     81.20        2.0235        0.0003       16.7481       16.7484      14.724942       0.00624
  17     95.00        2.0235        0.0004       16.7377       16.7380      14.714564       0.00635
  16     111.0        2.0235        0.0004       16.7248       16.7253      14.701762       0.00675
  15     130.0        2.0236        0.0005       16.7096       16.7101      14.686553       0.00676
  14     153.0        2.0237        0.0006       16.6914       16.6920      14.668316       0.00669
  13     179.0        2.0238        0.0007       16.6693       16.6700      14.646174       0.00719
  12     209.0        2.0241        0.0008       16.6413       16.6421      14.618029       0.00792
  11     243.0        2.0247        0.0010       16.6006       16.6015      14.576875       0.01021
  10     281.0        2.0257        0.0011       16.5354       16.5365      14.510756       0.01468
   9     324.0        2.0275        0.0013       16.4410       16.4423      14.414771       0.01884
   8     372.0        2.0302        0.0014       16.3097       16.3112      14.280973       0.02352
   7     426.0        2.0339        0.0016       16.1160       16.1176      14.083744       0.03082
   6     487.0        2.0390        0.0018       15.8437       15.8456      13.806502       0.03836
   5     554.0        2.0465        0.0020       15.5031       15.5051      13.458589       0.04382
   4     628.0        2.0584        0.0022       15.0880       15.0903      13.031883       0.04866
   3     710.0        2.0791        0.0024       14.5502       14.5527      12.473544       0.05746
   2     802.0        2.1181        0.0026       13.7831       13.7857      11.667507       0.07394
   1     902.0        2.1959        0.0027       12.8202       12.8229      10.627017       0.08781
   0    1013.0        2.3679        0.0028       11.8367       11.8395       9.471618       0.08784



 Wavenumbers:  4650. -  5150. cm-1, ATM      1
 LEVEL PRESSURE   UPWARD FLUX   DIFDOWN FLUX  DIRDOWN FLUX  DOWNWARD FLUX   NET FLUX    HEATING RATE
          mb          W/m2          W/m2          W/m2        W/m2          W/m2       degree/day
  47   .000061        1.4731        0.0000       15.8971       15.8971      14.424055       0.00000
  46   .000117        1.4731        0.0000       15.8971       15.8971      14.424054       0.04731
  45   .000258        1.4731        0.0000       15.8971       15.8971      14.424053       0.08271
  44   .000625        1.4731        0.0000       15.8971       15.8971      14.424048       0.12511
  43   .001640        1.4731        0.0000       15.8971       15.8971      14.424029       0.15300
  42   .004480        1.4731        0.0000       15.8970       15.8970      14.423974       0.16343
  41    .01200        1.4731        0.0000       15.8969       15.8969      14.423826       0.16589
  40    .03000        1.4731        0.0000       15.8965       15.8965      14.423475       0.16466
  39    .06700        1.4731        0.0000       15.8958       15.8958      14.422742       0.16726
  38    0.1390        1.4731        0.0000       15.8944       15.8944      14.421340       0.16434
  37    0.2720        1.4731        0.0000       15.8919       15.8919      14.418804       0.16089
  36    0.5150        1.4731        0.0000       15.8875       15.8875      14.414395       0.15311
  35    0.9510        1.4731        0.0000       15.8800       15.8801      14.406995       0.14324
  34     1.290        1.4731        0.0000       15.8748       15.8748      14.401717       0.13140
  33     1.760        1.4731        0.0000       15.8681       15.8681      14.395036       0.11996
  32     2.410        1.4731        0.0000       15.8598       15.8598      14.386754       0.10752
  31     3.330        1.4730        0.0000       15.8499       15.8499      14.376824       0.09109
  30     4.640        1.4730        0.0000       15.8384       15.8385      14.365423       0.07345
  29     6.520        1.4730        0.0000       15.8260       15.8260      14.352978       0.05586
  28     9.300        1.4730        0.0001       15.8127       15.8127      14.339710       0.04028
  27     13.20        1.4730        0.0001       15.7978       15.7979      14.324887       0.03208
  26     19.07        1.4730        0.0001       15.7782       15.7783      14.305312       0.02814
  25     27.70        1.4730        0.0002       15.7469       15.7471      14.274055       0.03057
  24     32.20        1.4730        0.0002       15.7288       15.7289      14.255943       0.03397
  23     37.60        1.4730        0.0002       15.7060       15.7063      14.233245       0.03547
  22     43.70        1.4730        0.0003       15.6776       15.6779      14.204837       0.03930
  21     51.00        1.4730        0.0003       15.6423       15.6426      14.169528       0.04082
  20     59.50        1.4731        0.0004       15.5987       15.5990      14.125934       0.04328
  19     69.50        1.4731        0.0004       15.5453       15.5457      14.072583       0.04502
  18     81.20        1.4732        0.0005       15.4810       15.4815      14.008275       0.04639
  17     95.00        1.4733        0.0006       15.4049       15.4054      13.932093       0.04659
  16     111.0        1.4735        0.0006       15.3166       15.3173      13.843788       0.04658
  15     130.0        1.4737        0.0008       15.2168       15.2175      13.743788       0.04442
  14     153.0        1.4741        0.0009       15.1057       15.1066      13.632515       0.04083
  13     179.0        1.4745        0.0010       14.9849       14.9860      13.511419       0.03931
  12     209.0        1.4752        0.0012       14.8571       14.8582      13.383036       0.03611
  11     243.0        1.4762        0.0014       14.7209       14.7223      13.246078       0.03399
  10     281.0        1.4778        0.0015       14.5675       14.5690      13.091266       0.03438
   9     324.0        1.4803        0.0018       14.3854       14.3872      12.906894       0.03618
   8     372.0        1.4841        0.0020       14.1667       14.1687      12.684656       0.03907
   7     426.0        1.4895        0.0022       13.8953       13.8975      12.407991       0.04324
   6     487.0        1.4975        0.0025       13.5519       13.5544      12.056835       0.04858
   5     554.0        1.5093        0.0027       13.1193       13.1220      11.612674       0.05595
   4     628.0        1.5277        0.0030       12.5670       12.5700      11.042343       0.06504
   3     710.0        1.5576        0.0032       11.8783       11.8814      10.323799       0.07395
   2     802.0        1.6088        0.0033       11.0761       11.0795       9.470698       0.07825
   1     902.0        1.7012        0.0035       10.2094       10.2128       8.511625       0.08094
   0    1013.0        1.8720        0.0036        9.3564        9.3600       7.487968       0.07783



 Wavenumbers:  5150. -  6150. cm-1, ATM      1
 LEVEL PRESSURE   UPWARD FLUX   DIFDOWN FLUX  DIRDOWN FLUX  DOWNWARD FLUX   NET FLUX    HEATING RATE
          mb          W/m2          W/m2          W/m2        W/m2          W/m2       degree/day
  47   .000061        3.5757        0.0000       39.8563       39.8563      36.280546       0.00000
  46   .000117        3.5757        0.0000       39.8563       39.8563      36.280546       0.00284
  45   .000258        3.5757        0.0000       39.8563       39.8563      36.280546       0.00327
  44   .000625        3.5757        0.0000       39.8563       39.8563      36.280546       0.00412
  43   .001640        3.5757        0.0000       39.8563       39.8563      36.280545       0.00599
  42   .004480        3.5757        0.0000       39.8563       39.8563      36.280542       0.00921
  41    .01200        3.5757        0.0000       39.8563       39.8563      36.280529       0.01420
  40    .03000        3.5757        0.0000       39.8562       39.8562      36.280486       0.02033
  39    .06700        3.5757        0.0000       39.8561       39.8561      36.280367       0.02708
  38    0.1390        3.5757        0.0000       39.8558       39.8558      36.280089       0.03263
  37    0.2720        3.5757        0.0000       39.8552       39.8552      36.279494       0.03773
  36    0.5150        3.5757        0.0000       39.8540       39.8540      36.278313       0.04100
  35    0.9510        3.5757        0.0000       39.8518       39.8518      36.276094       0.04295
  34     1.290        3.5757        0.0000       39.8500       39.8501      36.274361       0.04315
  33     1.760        3.5757        0.0000       39.8476       39.8477      36.271995       0.04249
  32     2.410        3.5757        0.0001       39.8444       39.8444      36.268765       0.04193
  31     3.330        3.5757        0.0001       39.8400       39.8401      36.264392       0.04012
  30     4.640        3.5756        0.0001       39.8339       39.8340      36.258404       0.03857
  29     6.520        3.5756        0.0002       39.8255       39.8257      36.250060       0.03746
  28     9.300        3.5756        0.0003       39.8137       39.8139      36.238372       0.03548
  27     13.20        3.5755        0.0004       39.7974       39.7978      36.222270       0.03484
  26     19.07        3.5754        0.0005       39.7755       39.7760      36.200595       0.03116
  25     27.70        3.5753        0.0008       39.7466       39.7473      36.171999       0.02796
  24     32.20        3.5753        0.0009       39.7328       39.7337      36.158428       0.02545
  23     37.60        3.5752        0.0010       39.7178       39.7188      36.143615       0.02315
  22     43.70        3.5752        0.0012       39.7016       39.7028      36.127614       0.02214
  21     51.00        3.5751        0.0014       39.6841       39.6855      36.110372       0.01993
  20     59.50        3.5751        0.0016       39.6650       39.6667      36.091593       0.01864
  19     69.50        3.5750        0.0019       39.6441       39.6460      36.071026       0.01736
  18     81.20        3.5749        0.0022       39.6211       39.6233      36.048313       0.01638
  17     95.00        3.5749        0.0026       39.5950       39.5976      36.022689       0.01567
  16     111.0        3.5748        0.0030       39.5652       39.5682      35.993423       0.01544
  15     130.0        3.5747        0.0035       39.5312       39.5347      35.959973       0.01486
  14     153.0        3.5747        0.0041       39.4857       39.4898      35.915164       0.01644
  13     179.0        3.5746        0.0048       39.4142       39.4190      35.844414       0.02296
  12     209.0        3.5746        0.0056       39.2501       39.2556      35.681065       0.04595
  11     243.0        3.5746        0.0064       38.8104       38.8168      35.242202       0.10893
  10     281.0        3.5748        0.0072       37.7749       37.7821      34.207283       0.22984
   9     324.0        3.5753        0.0080       36.3719       36.3799      32.804609       0.27529
   8     372.0        3.5762        0.0088       34.8554       34.8642      31.287989       0.26665
   7     426.0        3.5777        0.0095       32.9700       32.9794      29.401718       0.29479
   6     487.0        3.5803        0.0101       30.8283       30.8385      27.258199       0.29655
   5     554.0        3.5847        0.0108       28.6063       28.6171      25.032372       0.28036
   4     628.0        3.5933        0.0114       26.3442       26.3556      22.762351       0.25888
   3     710.0        3.6110        0.0120       24.3069       24.3190      20.708014       0.21142
   2     802.0        3.6493        0.0128       22.6825       22.6953      19.045991       0.15246
   1     902.0        3.7378        0.0136       21.2936       21.3072      17.569400       0.12461
   0    1013.0        3.9753        0.0143       19.8620       19.8763      15.901078       0.12684



 Wavenumbers:  6150. -  7700. cm-1, ATM      1
 LEVEL PRESSURE   UPWARD FLUX   DIFDOWN FLUX  DIRDOWN FLUX  DOWNWARD FLUX   NET FLUX    HEATING RATE
          mb          W/m2          W/m2          W/m2        W/m2          W/m2       degree/day
  47   .000061        5.3939        0.0000       73.7084       73.7084      68.314522       0.00000
  46   .000117        5.3939        0.0000       73.7084       73.7084      68.314522       0.00609
  45   .000258        5.3939        0.0000       73.7084       73.7084      68.314522       0.00890
  44   .000625        5.3939        0.0000       73.7084       73.7084      68.314521       0.01264
  43   .001640        5.3939        0.0000       73.7084       73.7084      68.314519       0.01643
  42   .004480        5.3939        0.0000       73.7084       73.7084      68.314512       0.02040
  41    .01200        5.3939        0.0000       73.7084       73.7084      68.314489       0.02568
  40    .03000        5.3939        0.0000       73.7083       73.7083      68.314421       0.03201
  39    .06700        5.3939        0.0000       73.7081       73.7081      68.314248       0.03939
  38    0.1390        5.3939        0.0000       73.7077       73.7077      68.313862       0.04530
  37    0.2720        5.3938        0.0000       73.7069       73.7069      68.313060       0.05085
  36    0.5150        5.3938        0.0001       73.7053       73.7053      68.311494       0.05439
  35    0.9510        5.3938        0.0001       73.7022       73.7023      68.308568       0.05663
  34     1.290        5.3937        0.0001       73.6999       73.7000      68.306286       0.05683
  33     1.760        5.3937        0.0002       73.6967       73.6969      68.303167       0.05600
  32     2.410        5.3936        0.0003       73.6923       73.6925      68.298894       0.05547
  31     3.330        5.3935        0.0004       73.6862       73.6866      68.293068       0.05345
  30     4.640        5.3934        0.0005       73.6779       73.6784      68.285032       0.05177
  29     6.520        5.3932        0.0007       73.6663       73.6670      68.273762       0.05059
  28     9.300        5.3930        0.0010       73.6498       73.6508      68.257836       0.04835
  27     13.20        5.3926        0.0015       73.6267       73.6282      68.235573       0.04817
  26     19.07        5.3920        0.0022       73.5948       73.5970      68.204923       0.04406
  25     27.70        5.3912        0.0031       73.5513       73.5544      68.163216       0.04078
  24     32.20        5.3908        0.0036       73.5301       73.5337      68.142919       0.03807
  23     37.60        5.3903        0.0042       73.5064       73.5107      68.120388       0.03521
  22     43.70        5.3897        0.0049       73.4803       73.4853      68.095585       0.03431
  21     51.00        5.3890        0.0057       73.4516       73.4573      68.068340       0.03150
  20     59.50        5.3882        0.0067       73.4196       73.4263      68.038147       0.02998
  19     69.50        5.3872        0.0078       73.3840       73.3918      68.004564       0.02834
  18     81.20        5.3861        0.0091       73.3439       73.3530      67.966862       0.02719
  17     95.00        5.3848        0.0107       73.2980       73.3087      67.923898       0.02627
  16     111.0        5.3833        0.0125       73.2451       73.2576      67.874340       0.02614
  15     130.0        5.3815        0.0146       73.1839       73.1985      67.817012       0.02546
  14     153.0        5.3794        0.0170       73.1036       73.1206      67.741267       0.02779
  13     179.0        5.3769        0.0199       72.9814       73.0014      67.624433       0.03792
  12     209.0        5.3742        0.0232       72.7115       72.7347      67.360520       0.07424
  11     243.0        5.3712        0.0267       72.0466       72.0733      66.702114       0.16342
  10     281.0        5.3682        0.0302       70.6257       70.6559      65.287652       0.31413
   9     324.0        5.3656        0.0336       68.3039       68.3375      62.971893       0.45449
   8     372.0        5.3636        0.0370       65.6245       65.6616      60.298007       0.47011
   7     426.0        5.3629        0.0403       62.4743       62.5146      57.151634       0.49172
   6     487.0        5.3650        0.0431       58.6578       58.7009      53.335911       0.52789
   5     554.0        5.3721        0.0455       54.4465       54.4921      49.119934       0.53103
   4     628.0        5.3908        0.0474       49.7591       49.8065      44.415660       0.53649
   3     710.0        5.4351        0.0487       44.8370       44.8857      39.450584       0.51099
   2     802.0        5.5356        0.0495       40.0346       40.0841      34.548485       0.44967
   1     902.0        5.7657        0.0500       35.6079       35.6579      29.892154       0.39295
   0    1013.0        6.3602        0.0507       31.7504       31.8010      25.440833       0.33843



 Wavenumbers:  7700. -  8050. cm-1, ATM      1
 LEVEL PRESSURE   UPWARD FLUX   DIFDOWN FLUX  DIRDOWN FLUX  DOWNWARD FLUX   NET FLUX    HEATING RATE
          mb          W/m2          W/m2          W/m2        W/m2          W/m2       degree/day
  47   .000061        2.8639        0.0000       17.4182       17.4182      14.554290       0.00000
  46   .000117        2.8639        0.0000       17.4182       17.4182      14.554290       0.01026
  45   .000258        2.8639        0.0000       17.4182       17.4182      14.554290       0.01143
  44   .000625        2.8639        0.0000       17.4181       17.4181      14.554289       0.01283
  43   .001640        2.8639        0.0000       17.4181       17.4181      14.554288       0.01373
  42   .004480        2.8639        0.0000       17.4181       17.4181      14.554283       0.01435
  41    .01200        2.8639        0.0000       17.4181       17.4181      14.554270       0.01487
  40    .03000        2.8639        0.0000       17.4181       17.4181      14.554238       0.01488
  39    .06700        2.8639        0.0000       17.4180       17.4180      14.554171       0.01518
  38    0.1390        2.8639        0.0000       17.4179       17.4179      14.554042       0.01512
  37    0.2720        2.8639        0.0000       17.4177       17.4177      14.553803       0.01516
  36    0.5150        2.8639        0.0000       17.4173       17.4173      14.553369       0.01507
  35    0.9510        2.8640        0.0000       17.4165       17.4166      14.552586       0.01516
  34     1.290        2.8640        0.0001       17.4160       17.4160      14.551980       0.01510
  33     1.760        2.8641        0.0001       17.4152       17.4153      14.551145       0.01498
  32     2.410        2.8642        0.0001       17.4141       17.4142      14.549980       0.01513
  31     3.330        2.8643        0.0002       17.4125       17.4127      14.548340       0.01505
  30     4.640        2.8645        0.0002       17.4103       17.4105      14.546008       0.01502
  29     6.520        2.8648        0.0003       17.4072       17.4075      14.542666       0.01500
  28     9.300        2.8652        0.0004       17.4026       17.4030      14.537817       0.01472
  27     13.20        2.8658        0.0006       17.3959       17.3966      14.530763       0.01527
  26     19.07        2.8667        0.0009       17.3862       17.3871      14.520447       0.01483
  25     27.70        2.8679        0.0013       17.3719       17.3732      14.505274       0.01484
  24     32.20        2.8686        0.0015       17.3644       17.3660      14.497373       0.01482
  23     37.60        2.8694        0.0018       17.3558       17.3575      14.488141       0.01443
  22     43.70        2.8703        0.0021       17.3456       17.3477      14.477359       0.01492
  21     51.00        2.8714        0.0024       17.3338       17.3362      14.464771       0.01455
  20     59.50        2.8727        0.0028       17.3199       17.3227      14.450054       0.01461
  19     69.50        2.8742        0.0033       17.3037       17.3070      14.432847       0.01452
  18     81.20        2.8760        0.0038       17.2849       17.2887      14.412730       0.01451
  17     95.00        2.8781        0.0045       17.2628       17.2673      14.389219       0.01438
  16     111.0        2.8806        0.0052       17.2372       17.2424      14.361835       0.01444
  15     130.0        2.8835        0.0061       17.2074       17.2135      14.330032       0.01413
  14     153.0        2.8870        0.0071       17.1729       17.1800      14.292999       0.01359
  13     179.0        2.8912        0.0083       17.1328       17.1411      14.249963       0.01397
  12     209.0        2.8960        0.0097       17.0872       17.0969      14.200943       0.01379
  11     243.0        2.9016        0.0113       17.0364       17.0476      14.146041       0.01363
  10     281.0        2.9081        0.0130       16.9797       16.9927      14.084691       0.01362
   9     324.0        2.9156        0.0149       16.9168       16.9317      14.016179       0.01345
   8     372.0        2.9243        0.0171       16.8469       16.8640      13.939715       0.01344
   7     426.0        2.9345        0.0195       16.7692       16.7886      13.854095       0.01338
   6     487.0        2.9467        0.0221       16.6822       16.7043      13.757534       0.01336
   5     554.0        2.9614        0.0250       16.5841       16.6091      13.647755       0.01383
   4     628.0        2.9795        0.0281       16.4711       16.4993      13.519739       0.01460
   3     710.0        3.0031        0.0316       16.3362       16.3677      13.364658       0.01596
   2     802.0        3.0351        0.0352       16.1689       16.2041      13.169082       0.01794
   1     902.0        3.0804        0.0391       15.9564       15.9955      12.915087       0.02143
   0    1013.0        3.1462        0.0431       15.6877       15.7309      12.584686       0.02512



 Wavenumbers:  8050. - 12850. cm-1, ATM      1
 LEVEL PRESSURE   UPWARD FLUX   DIFDOWN FLUX  DIRDOWN FLUX  DOWNWARD FLUX   NET FLUX    HEATING RATE
          mb          W/m2          W/m2          W/m2        W/m2          W/m2       degree/day
  47   .000061       35.3655        0.0000      243.8307      243.8307     208.465189       0.00000
  46   .000117       35.3655        0.0000      243.8307      243.8307     208.465189       0.00000
  45   .000258       35.3655        0.0000      243.8307      243.8307     208.465189       0.00000
  44   .000625       35.3655        0.0000      243.8307      243.8307     208.465189       0.00000
  43   .001640       35.3655        0.0000      243.8307      243.8307     208.465189       0.00000
  42   .004480       35.3655        0.0000      243.8306      243.8307     208.465189       0.00000
  41    .01200       35.3655        0.0000      243.8306      243.8306     208.465189       0.00000
  40    .03000       35.3654        0.0001      243.8305      243.8306     208.465189       0.00000
  39    .06700       35.3654        0.0002      243.8304      243.8306     208.465189       0.00000
  38    0.1390       35.3652        0.0003      243.8301      243.8304     208.465189       0.00000
  37    0.2720       35.3650        0.0006      243.8296      243.8302     208.465189       0.00000
  36    0.5150       35.3646        0.0012      243.8286      243.8298     208.465189       0.00000
  35    0.9510       35.3639        0.0022      243.8269      243.8291     208.465189       0.00000
  34     1.290       35.3633        0.0030      243.8256      243.8285     208.465189       0.00000
  33     1.760       35.3626        0.0040      243.8237      243.8278     208.465189       0.00000
  32     2.410       35.3615        0.0055      243.8212      243.8267     208.465189       0.00000
  31     3.330       35.3600        0.0076      243.8175      243.8252     208.465189       0.00000
  30     4.640       35.3578        0.0106      243.8124      243.8230     208.465189       0.00000
  29     6.520       35.3548        0.0149      243.8050      243.8200     208.465189       0.00000
  28     9.300       35.3503        0.0212      243.7943      243.8155     208.465189       0.00000
  27     13.20       35.3438        0.0303      243.7787      243.8090     208.465189       0.00000
  26     19.07       35.3342        0.0436      243.7558      243.7994     208.465189       0.00000
  25     27.70       35.3201        0.0633      243.7220      243.7853     208.465189       0.00000
  24     32.20       35.3127        0.0736      243.7044      243.7779     208.465189       0.00000
  23     37.60       35.3041        0.0856      243.6837      243.7693     208.465189       0.00000
  22     43.70       35.2940        0.0997      243.6595      243.7592     208.465189       0.00000
  21     51.00       35.2822        0.1162      243.6312      243.7474     208.465189       0.00000
  20     59.50       35.2683        0.1355      243.5980      243.7335     208.465189       0.00000
  19     69.50       35.2520        0.1582      243.5590      243.7172     208.465189       0.00000
  18     81.20       35.2329        0.1849      243.5132      243.6981     208.465189       0.00000
  17     95.00       35.2104        0.2162      243.4594      243.6756     208.465189       0.00000
  16     111.0       35.1841        0.2529      243.3910      243.6439     208.459785       0.00285
  15     130.0       35.1533        0.2957      243.3109      243.6066     208.453288       0.00289
  14     153.0       35.1172        0.3461      243.2150      243.5610     208.443835       0.00347
  13     179.0       35.0749        0.4050      243.0967      243.5017     208.426885       0.00550
  12     209.0       35.0262        0.4728      242.9304      243.4032     208.376983       0.01404
  11     243.0       34.9716        0.5492      242.6158      243.1650     208.193386       0.04557
  10     281.0       34.9113        0.6345      241.9568      242.5912     207.679874       0.11404
   9     324.0       34.8463        0.7292      240.8978      241.6270     206.780651       0.17648
   8     372.0       34.7776        0.8340      239.5206      240.3546     205.577019       0.21162
   7     426.0       34.7082        0.9488      237.6413      238.5901     203.881906       0.26491
   6     487.0       34.6438        1.0729      235.0008      236.0737     201.429912       0.33923
   5     554.0       34.5945        1.2058      231.4147      232.6205     198.026033       0.42874
   4     628.0       34.5885        1.3438      226.3009      227.6447     193.056176       0.56677
   3     710.0       34.6851        1.4828      219.2017      220.6845     185.999427       0.72626
   2     802.0       35.0094        1.6185      210.0827      211.7012     176.691843       0.85378
   1     902.0       35.8320        1.7464      199.1880      200.9344     165.102384       0.97805
   0    1013.0       37.8375        1.8683      187.3190      189.1874     151.349890       1.04558



 Wavenumbers: 12850. - 16000. cm-1, ATM      1
 LEVEL PRESSURE   UPWARD FLUX   DIFDOWN FLUX  DIRDOWN FLUX  DOWNWARD FLUX   NET FLUX    HEATING RATE
          mb          W/m2          W/m2          W/m2        W/m2          W/m2       degree/day
  47   .000061       28.5120        0.0000      152.7797      152.7797     124.267728       0.00000
  46   .000117       28.5120        0.0000      152.7797      152.7797     124.267726       0.39556
  45   .000258       28.5120        0.0000      152.7797      152.7797     124.267718       0.45380
  44   .000625       28.5120        0.0000      152.7796      152.7796     124.267695       0.52470
  43   .001640       28.5120        0.0000      152.7796      152.7796     124.267627       0.56912
  42   .004480       28.5119        0.0000      152.7794      152.7794     124.267430       0.58500
  41    .01200       28.5119        0.0001      152.7788      152.7788     124.266911       0.58173
  40    .03000       28.5119        0.0001      152.7774      152.7776     124.265697       0.56931
  39    .06700       28.5118        0.0003      152.7746      152.7749     124.263159       0.57881
  38    0.1390       28.5116        0.0007      152.7691      152.7698     124.258214       0.57965
  37    0.2720       28.5113        0.0014      152.7590      152.7604     124.249053       0.58129
  36    0.5150       28.5110        0.0026      152.7413      152.7438     124.232796       0.56459
  35    0.9510       28.5110        0.0047      152.7109      152.7157     124.204681       0.54420
  34     1.290       28.5114        0.0064      152.6883      152.6948     124.183410       0.52952
  33     1.760       28.5125        0.0088      152.6578      152.6666     124.154129       0.52576
  32     2.410       28.5151        0.0120      152.6148      152.6268     124.111719       0.55061
  31     3.330       28.5207        0.0166      152.5514      152.5679     124.047217       0.59168
  30     4.640       28.5314        0.0231      152.4568      152.4798     123.948422       0.63645
  29     6.520       28.5485        0.0323      152.3201      152.3524     123.803923       0.64864
  28     9.300       28.5721        0.0458      152.1323      152.1781     123.605997       0.60084
  27     13.20       28.6012        0.0653      151.8854      151.9508     123.349625       0.55476
  26     19.07       28.6354        0.0939      151.5634      151.6573     123.021884       0.47118
  25     27.70       28.6728        0.1359      151.1496      151.2855     122.612713       0.40012
  24     32.20       28.6862        0.1578      150.9608      151.1186     122.432330       0.33829
  23     37.60       28.6969        0.1834      150.7630      150.9464     122.249497       0.28573
  22     43.70       28.7046        0.2133      150.5531      150.7664     122.061789       0.25969
  21     51.00       28.7086        0.2483      150.3311      150.5795     121.870880       0.22070
  20     59.50       28.7079        0.2893      150.0963      150.3856     121.677750       0.19175
  19     69.50       28.7005        0.3374      149.8518      150.1892     121.488666       0.15957
  18     81.20       28.6834        0.3938      149.6051      149.9989     121.315469       0.12493
  17     95.00       28.6557        0.4601      149.3535      149.8136     121.157932       0.09634
  16     111.0       28.6230        0.5380      149.0814      149.6194     120.996402       0.08520
  15     130.0       28.5815        0.6289      148.7822      149.4111     120.829645       0.07407
  14     153.0       28.5297        0.7353      148.4478      149.1832     120.653474       0.06464
  13     179.0       28.4642        0.8598      148.0756      148.9354     120.471226       0.05915
  12     209.0       28.3834        1.0024      147.6658      148.6682     120.284814       0.05244
  11     243.0       28.2889        1.1631      147.2080      148.3711     120.082230       0.05028
  10     281.0       28.1802        1.3432      146.6906      148.0338     119.853587       0.05078
   9     324.0       28.0572        1.5442      146.0997      147.6439     119.586716       0.05238
   8     372.0       27.9202        1.7677      145.4242      147.1919     119.271710       0.05538
   7     426.0       27.7696        2.0150      144.6491      146.6642     118.894574       0.05894
   6     487.0       27.6068        2.2879      143.7514      146.0393     118.432505       0.06393
   5     554.0       27.4348        2.5873      142.7000      145.2873     117.852431       0.07306
   4     628.0       27.2647        2.9131      141.4157      144.3287     117.063983       0.08992
   3     710.0       27.1140        3.2629      139.8058      143.0687     115.954707       0.11416
   2     802.0       27.0169        3.6321      137.7482      141.3803     114.363404       0.14597
   1     902.0       27.0380        4.0154      135.1232      139.1386     112.100610       0.19096
   0    1013.0       27.2734        4.4102      131.9567      136.3669     109.093517       0.22862



 Wavenumbers: 16000. - 22650. cm-1, ATM      1
 LEVEL PRESSURE   UPWARD FLUX   DIFDOWN FLUX  DIRDOWN FLUX  DOWNWARD FLUX   NET FLUX    HEATING RATE
          mb          W/m2          W/m2          W/m2        W/m2          W/m2       degree/day
  47   .000061       58.7478        0.0000      243.6191      243.6191     184.871244       0.00000
  46   .000117       58.7478        0.0000      243.6191      243.6191     184.871244       0.02119
  45   .000258       58.7478        0.0000      243.6191      243.6191     184.871243       0.05262
  44   .000625       58.7478        0.0000      243.6190      243.6191     184.871239       0.09603
  43   .001640       58.7478        0.0000      243.6190      243.6190     184.871224       0.12346
  42   .004480       58.7478        0.0001      243.6188      243.6189     184.871188       0.10763
  41    .01200       58.7476        0.0004      243.6184      243.6188     184.871139       0.05410
  40    .03000       58.7473        0.0009      243.6175      243.6184     184.871072       0.03169
  39    .06700       58.7468        0.0020      243.6156      243.6176     184.870857       0.04897
  38    0.1390       58.7457        0.0042      243.6115      243.6157     184.870011       0.09917
  37    0.2720       58.7440        0.0082      243.6031      243.6113     184.867246       0.17546
  36    0.5150       58.7415        0.0155      243.5859      243.6014     184.859813       0.25815
  35    0.9510       58.7386        0.0287      243.5499      243.5785     184.839935       0.38475
  34     1.290       58.7376        0.0388      243.5177      243.5565     184.818929       0.52294
  33     1.760       58.7381        0.0529      243.4674      243.5203     184.782229       0.65896
  32     2.410       58.7424        0.0724      243.3856      243.4580     184.715620       0.86481
  31     3.330       58.7549        0.1000      243.2492      243.3492     184.594240       1.11341
  30     4.640       58.7813        0.1391      243.0279      243.1670     184.385744       1.34315
  29     6.520       58.8250        0.1951      242.6926      242.8876     184.062698       1.45012
  28     9.300       58.8844        0.2762      242.2202      242.4964     183.611952       1.36831
  27     13.20       58.9539        0.3940      241.5909      241.9849     183.030929       1.25727
  26     19.07       59.0284        0.5660      240.7621      241.3282     182.299741       1.05121
  25     27.70       59.0952        0.8187      239.6857      240.5044     181.409235       0.87081
  24     32.20       59.1104        0.9502      239.1888      240.1390     181.028645       0.71375
  23     37.60       59.1114        1.1039      238.6615      239.7654     180.653998       0.58550
  22     43.70       59.0971        1.2835      238.0945      239.3780     180.280920       0.51614
  21     51.00       59.0637        1.4932      237.4848      238.9780     179.914354       0.42377
  20     59.50       59.0069        1.7385      236.8261      238.5646     179.557701       0.35410
  19     69.50       58.9192        2.0256      236.1205      238.1462     179.226929       0.27914
  18     81.20       58.7887        2.3619      235.3789      237.7408     178.952084       0.19824
  17     95.00       58.6104        2.7556      234.5868      237.3423     178.731979       0.13460
  16     111.0       58.3887        3.2145      233.7017      236.9163     178.527571       0.10781
  15     130.0       58.1203        3.7480      232.6981      236.4461     178.325811       0.08961
  14     153.0       57.7968        4.3697      231.5505      235.9202     178.123336       0.07429
  13     179.0       57.4043        5.0927      230.2509      235.3437     177.939331       0.05972
  12     209.0       56.9376        5.9170      228.8095      234.7265     177.788918       0.04231
  11     243.0       56.3999        6.8392      227.2181      234.0573     177.657376       0.03265
  10     281.0       55.7855        7.8652      225.4632      233.3284     177.542911       0.02542
   9     324.0       55.0886        9.0011      223.5273      232.5284     177.439796       0.02024
   8     372.0       54.3036       10.2525      221.3912      231.6437     177.340161       0.01752
   7     426.0       53.4227       11.6243      219.0403      230.6647     177.241921       0.01535
   6     487.0       52.4371       13.1222      216.4564      229.5786     177.141514       0.01389
   5     554.0       51.3373       14.7505      213.6208      228.3712     177.033971       0.01355
   4     628.0       50.1162       16.5098      210.5116      227.0214     176.905262       0.01468
   3     710.0       48.7673       18.3986      207.1041      225.5027     176.735403       0.01748
   2     802.0       47.2854       20.4143      203.3608      223.7751     176.489626       0.02255
   1     902.0       45.6661       22.5535      199.2297      221.7832     176.117082       0.03144
   0    1013.0       43.9001       24.8114      194.6892      219.5006     175.600494       0.03928



 Wavenumbers: 22650. - 29000. cm-1, ATM      1
 LEVEL PRESSURE   UPWARD FLUX   DIFDOWN FLUX  DIRDOWN FLUX  DOWNWARD FLUX   NET FLUX    HEATING RATE
          mb          W/m2          W/m2          W/m2        W/m2          W/m2       degree/day
  47   .000061       31.2825        0.0000       91.8803       91.8803      60.597884       0.00000
  46   .000117       31.2825        0.0000       91.8803       91.8803      60.597884       0.00000
  45   .000258       31.2825        0.0000       91.8803       91.8803      60.597884       0.00000
  44   .000625       31.2825        0.0000       91.8803       91.8803      60.597884       0.00000
  43   .001640       31.2824        0.0001       91.8803       91.8803      60.597884       0.00000
  42   .004480       31.2824        0.0002       91.8801       91.8803      60.597884       0.00000
  41    .01200       31.2823        0.0004       91.8797       91.8802      60.597884       0.00000
  40    .03000       31.2820        0.0010       91.8789       91.8799      60.597884       0.00000
  39    .06700       31.2814        0.0023       91.8770       91.8793      60.597884       0.00000
  38    0.1390       31.2803        0.0048       91.8734       91.8782      60.597884       0.00000
  37    0.2720       31.2782        0.0094       91.8667       91.8761      60.597884       0.00000
  36    0.5150       31.2744        0.0177       91.8545       91.8722      60.597884       0.00000
  35    0.9510       31.2675        0.0327       91.8326       91.8653      60.597884       0.00000
  34     1.290       31.2621        0.0444       91.8156       91.8600      60.597884       0.00000
  33     1.760       31.2548        0.0604       91.7922       91.8527      60.597884       0.00000
  32     2.410       31.2445        0.0828       91.7596       91.8424      60.597884       0.00000
  31     3.330       31.2301        0.1143       91.7137       91.8279      60.597884       0.00000
  30     4.640       31.2095        0.1590       91.6484       91.8074      60.597884       0.00000
  29     6.520       31.1800        0.2230       91.5549       91.7779      60.597884       0.00000
  28     9.300       31.1372        0.3159       91.4192       91.7351      60.597884       0.00000
  27     13.20       31.0748        0.4507       91.2219       91.6726      60.597884       0.00000
  26     19.07       30.9833        0.6475       90.9336       91.5812      60.597884       0.00000
  25     27.70       30.8482        0.9361       90.5100       91.4461      60.597884       0.00000
  24     32.20       30.7776        1.0859       90.2896       91.3755      60.597884       0.00000
  23     37.60       30.6949        1.2606       90.0322       91.2928      60.597884       0.00000
  22     43.70       30.5980        1.4641       89.7318       91.1959      60.597884       0.00000
  21     51.00       30.4846        1.7010       89.3814       91.0825      60.597884       0.00000
  20     59.50       30.3514        1.9770       88.9723       90.9493      60.597884       0.00000
  19     69.50       30.1950        2.2984       88.4945       90.7929      60.597884       0.00000
  18     81.20       30.0111        2.6722       87.9368       90.6090      60.597884       0.00000
  17     95.00       29.7949        3.1064       87.2864       90.3928      60.597884       0.00000
  16     111.0       29.5413        3.6085       86.5307       90.1392      60.597884       0.00000
  15     130.0       29.2444        4.1866       85.6557       89.8423      60.597884       0.00000
  14     153.0       28.8954        4.8527       84.6406       89.4932      60.597884       0.00000
  13     179.0       28.4854        5.6168       83.4665       89.0833      60.597884       0.00000
  12     209.0       28.0130        6.4738       82.1371       88.6109      60.597884       0.00000
  11     243.0       27.4776        7.4148       80.6607       88.0754      60.597884       0.00000
  10     281.0       26.8731        8.4397       79.0312       87.4710      60.597884       0.00000
   9     324.0       26.1927        9.5473       77.2433       86.7906      60.597884       0.00000
   8     372.0       25.4289       10.7343       75.2925       86.0268      60.597884       0.00000
   7     426.0       24.5739       11.9952       73.1766       85.1717      60.597884       0.00000
   6     487.0       23.6179       13.3230       70.8927       84.2157      60.597884       0.00000
   5     554.0       22.5507       14.7078       68.4408       83.1486      60.597884       0.00000
   4     628.0       21.3626       16.1348       65.8256       81.9605      60.597884       0.00000
   3     710.0       20.0429       17.5848       63.0560       80.6408      60.597884       0.00000
   2     802.0       18.5789       19.0393       60.1375       79.1768      60.597884       0.00000
   1     902.0       16.9537       20.4735       57.0781       77.5516      60.597884       0.00000
   0    1013.0       15.1495       21.8591       53.8883       75.7474      60.597884       0.00000



 Wavenumbers: 29000. - 38000. cm-1, ATM      1
 LEVEL PRESSURE   UPWARD FLUX   DIFDOWN FLUX  DIRDOWN FLUX  DOWNWARD FLUX   NET FLUX    HEATING RATE
          mb          W/m2          W/m2          W/m2        W/m2          W/m2       degree/day
  47   .000061        6.5959        0.0000       32.3787       32.3787      25.782870       0.00000
  46   .000117        6.5959        0.0000       32.3787       32.3787      25.782864       0.86753
  45   .000258        6.5959        0.0000       32.3787       32.3787      25.782828       2.14087
  44   .000625        6.5958        0.0000       32.3785       32.3785      25.782659       3.88771
  43   .001640        6.5958        0.0000       32.3778       32.3779      25.782060       4.98135
  42   .004480        6.5958        0.0001       32.3763       32.3764      25.780601       4.33769
  41    .01200        6.5956        0.0003       32.3740       32.3743      25.778656       2.18180
  40    .03000        6.5953        0.0008       32.3704       32.3712      25.775921       1.28239
  39    .06700        6.5946        0.0019       32.3599       32.3618      25.767191       1.99127
  38    0.1390        6.5934        0.0038       32.3222       32.3261      25.732711       4.04141
  37    0.2720        6.5914        0.0075       32.2049       32.2124      25.621035       7.08606
  36    0.5150        6.5884        0.0139       31.9066       31.9205      25.332133      10.03328
  35    0.9510        6.5846        0.0249       31.1978       31.2227      24.638093      13.43373
  34     1.290        6.5829        0.0326       30.5626       30.5952      24.012299      15.57866
  33     1.760        6.5822        0.0424       29.6654       29.7077      23.125500      15.92303
  32     2.410        6.5843        0.0548       28.4927       28.5475      21.963194      15.09057
  31     3.330        6.5924        0.0711       27.1332       27.2043      20.611895      12.39545
  30     4.640        6.6105        0.0927       25.7111       25.8039      19.193341       9.13846
  29     6.520        6.6416        0.1222       24.3122       24.4344      17.792805       6.28688
  28     9.300        6.6862        0.1635       23.0062       23.1696      16.483388       3.97495
  27     13.20        6.7436        0.2216       21.8059       22.0275      15.283921       2.59551
  26     19.07        6.8160        0.3035       20.6659       20.9693      14.153355       1.62539
  25     27.70        6.9051        0.4197       19.5649       19.9847      13.079588       1.05002
  24     32.20        6.9421        0.4793       19.1452       19.6245      12.682362       0.74494
  23     37.60        6.9756        0.5485       18.7444       19.2930      12.317308       0.57051
  22     43.70        7.0060        0.6288       18.3514       18.9802      11.974155       0.47474
  21     51.00        7.0316        0.7217       17.9634       18.6852      11.653614       0.37056
  20     59.50        7.0506        0.8296       17.5762       18.4058      11.355184       0.29629
  19     69.50        7.0582        0.9546       17.1915       18.1461      11.087952       0.22552
  18     81.20        7.0458        1.1011       16.8175       17.9186      10.872825       0.15517
  17     95.00        7.0111        1.2721       16.4439       17.7160      10.704929       0.10267
  16     111.0        6.9594        1.4694       16.0473       17.5167      10.557342       0.07784
  15     130.0        6.8917        1.6846       15.6143       17.2989      10.407262       0.06666
  14     153.0        6.8075        1.9348       15.1376       17.0724      10.264883       0.05224
  13     179.0        6.6990        2.2174       14.6201       16.8374      10.138413       0.04105
  12     209.0        6.5624        2.5274       14.0707       16.5980      10.035673       0.02890
  11     243.0        6.4007        2.8586       13.4887       16.3473       9.946595       0.02211
  10     281.0        6.2121        3.2091       12.8736       16.0827       9.870545       0.01689
   9     324.0        5.9952        3.5738       12.2254       15.7992       9.803940       0.01307
   8     372.0        5.7490        3.9467       11.5444       15.4911       9.742121       0.01087
   7     426.0        5.4708        4.3222       10.8337       15.1559       9.685112       0.00891
   6     487.0        5.1575        4.6921       10.0980       14.7901       9.632599       0.00727
   5     554.0        4.8058        5.0481        9.3420       14.3901       9.584298       0.00608
   4     628.0        4.4129        5.3796        8.5723       13.9519       9.539018       0.00516
   3     710.0        3.9753        5.6749        7.7970       13.4718       9.496544       0.00437
   2     802.0        3.4887        5.9217        7.0242       12.9459       9.457127       0.00362
   1     902.0        2.9478        6.1090        6.2594       12.3684       9.420545       0.00309
   0    1013.0        2.3466        6.2204        5.5128       11.7332       9.386589       0.00258



 Wavenumbers: 38000. - 50000. cm-1, ATM      1
 LEVEL PRESSURE   UPWARD FLUX   DIFDOWN FLUX  DIRDOWN FLUX  DOWNWARD FLUX   NET FLUX    HEATING RATE
          mb          W/m2          W/m2          W/m2        W/m2          W/m2       degree/day
  47   .000061        0.0086        0.0000        1.9791        1.9791       1.970510       0.00000
  46   .000117        0.0086        0.0000        1.9791        1.9791       1.970506       0.60998
  45   .000258        0.0086        0.0000        1.9790        1.9790       1.970485       1.25399
  44   .000625        0.0086        0.0000        1.9789        1.9790       1.970391       2.15310
  43   .001640        0.0086        0.0000        1.9786        1.9786       1.970064       2.72026
  42   .004480        0.0085        0.0000        1.9778        1.9778       1.969253       2.40957
  41    .01200        0.0085        0.0001        1.9765        1.9766       1.968056       1.34385
  40    .03000        0.0084        0.0002        1.9744        1.9745       1.966135       0.90038
  39    .06700        0.0082        0.0004        1.9685        1.9689       1.960675       1.24539
  38    0.1390        0.0079        0.0008        1.9487        1.9495       1.941663       2.22841
  37    0.2720        0.0073        0.0016        1.8898        1.8914       1.884088       3.65327
  36    0.5150        0.0064        0.0027        1.7467        1.7494       1.742996       4.89997
  35    0.9510        0.0051        0.0039        1.4361        1.4400       1.434966       5.96217
  34     1.290        0.0043        0.0043        1.1901        1.1943       1.190039       6.09728
  33     1.760        0.0035        0.0042        0.8943        0.8985       0.895016       5.29733
  32     2.410        0.0027        0.0038        0.5998        0.6036       0.600813       3.81972
  31     3.330        0.0021        0.0032        0.3766        0.3798       0.377707       2.04655
  30     4.640        0.0016        0.0028        0.2350        0.2377       0.236115       0.91215
  29     6.520        0.0012        0.0023        0.1451        0.1474       0.146213       0.40356
  28     9.300        0.0008        0.0019        0.0869        0.0888       0.088022       0.17665
  27     13.20        0.0005        0.0014        0.0478        0.0492       0.048664       0.08517
  26     19.07        0.0003        0.0009        0.0224        0.0233       0.022984       0.03692
  25     27.70        0.0001        0.0004        0.0085        0.0089       0.008751       0.01392
  24     32.20        0.0001        0.0003        0.0054        0.0057       0.005584       0.00594
  23     37.60        0.0001        0.0002        0.0033        0.0035       0.003448       0.00334
  22     43.70        0.0000        0.0001        0.0019        0.0021       0.002038       0.00195
  21     51.00        0.0000        0.0001        0.0011        0.0012       0.001145       0.00103
  20     59.50        0.0000        0.0000        0.0006        0.0006       0.000607       0.00054
  19     69.50        0.0000        0.0000        0.0003        0.0003       0.000301       0.00026
  18     81.20        0.0000        0.0000        0.0001        0.0001       0.000141       0.00012
  17     95.00        0.0000        0.0000        0.0001        0.0001       0.000060       0.00005
  16     111.0        0.0000        0.0000        0.0000        0.0000       0.000023       0.00002
  15     130.0        0.0000        0.0000        0.0000        0.0000       0.000007       0.00001
  14     153.0        0.0000        0.0000        0.0000        0.0000       0.000002       0.00000
  13     179.0        0.0000        0.0000        0.0000        0.0000       0.000000       0.00000
  12     209.0        0.0000        0.0000        0.0000        0.0000       0.000000       0.00000
  11     243.0        0.0000        0.0000        0.0000        0.0000       0.000000       0.00000
  10     281.0        0.0000        0.0000        0.0000        0.0000       0.000000       0.00000
   9     324.0        0.0000        0.0000        0.0000        0.0000       0.000000       0.00000
   8     372.0        0.0000        0.0000        0.0000        0.0000       0.000000       0.00000
   7     426.0        0.0000        0.0000        0.0000        0.0000       0.000000       0.00000
   6     487.0        0.0000        0.0000        0.0000        0.0000       0.000000       0.00000
   5     554.0        0.0000        0.0000        0.0000        0.0000       0.000000       0.00000
   4     628.0        0.0000        0.0000        0.0000        0.0000       0.000000       0.00000
   3     710.0        0.0000        0.0000        0.0000        0.0000       0.000000       0.00000
   2     802.0        0.0000        0.0000        0.0000        0.0000       0.000000       0.00000
   1     902.0        0.0000        0.0000        0.0000        0.0000       0.000000       0.00000
   0    1013.0        0.0000        0.0000        0.0000        0.0000       0.000000       0.00000



 Wavenumbers:   820. -  2600. cm-1, ATM      1
 LEVEL PRESSURE   UPWARD FLUX   DIFDOWN FLUX  DIRDOWN FLUX  DOWNWARD FLUX   NET FLUX    HEATING RATE
          mb          W/m2          W/m2          W/m2        W/m2          W/m2       degree/day
  47   .000061        0.3817        0.0000        9.3505        9.3505       8.968813       0.00000
  46   .000117        0.3817        0.0000        9.3505        9.3505       8.968739      11.10541
  45   .000258        0.3817        0.0000        9.3502        9.3502       8.968469      16.14819
  44   .000625        0.3817        0.0000        9.3496        9.3496       8.967930      12.39884
  43   .001640        0.3817        0.0000        9.3490        9.3490       8.967283       5.38351
  42   .004480        0.3817        0.0000        9.3478        9.3478       8.966041       3.68800
  41    .01200        0.3817        0.0000        9.3460        9.3460       8.964283       1.97338
  40    .03000        0.3817        0.0000        9.3448        9.3448       8.963069       0.56925
  39    .06700        0.3817        0.0000        9.3431        9.3431       8.961396       0.38143
  38    0.1390        0.3817        0.0000        9.3392        9.3392       8.957464       0.46093
  37    0.2720        0.3817        0.0000        9.3321        9.3321       8.950350       0.45138
  36    0.5150        0.3817        0.0000        9.3218        9.3218       8.940063       0.35727
  35    0.9510        0.3817        0.0000        9.3053        9.3053       8.923573       0.31917
  34     1.290        0.3817        0.0000        9.2926        9.2926       8.910886       0.31584
  33     1.760        0.3817        0.0000        9.2756        9.2756       8.893901       0.30498
  32     2.410        0.3817        0.0000        9.2528        9.2528       8.871086       0.29621
  31     3.330        0.3817        0.0000        9.2218        9.2218       8.840111       0.28413
  30     4.640        0.3817        0.0000        9.1801        9.1801       8.798346       0.26906
  29     6.520        0.3817        0.0000        9.1244        9.1244       8.742698       0.24980
  28     9.300        0.3817        0.0000        9.0501        9.0501       8.668412       0.22551
  27     13.20        0.3817        0.0000        8.9529        8.9529       8.571149       0.21047
  26     19.07        0.3817        0.0000        8.8392        8.8392       8.457488       0.16341
  25     27.70        0.3818        0.0000        8.7345        8.7345       8.352715       0.10246
  24     32.20        0.3818        0.0000        8.7004        8.7004       8.318621       0.06394
  23     37.60        0.3818        0.0000        8.6702        8.6702       8.288410       0.04721
  22     43.70        0.3818        0.0000        8.6416        8.6416       8.259866       0.03949
  21     51.00        0.3818        0.0000        8.6120        8.6120       8.230183       0.03432
  20     59.50        0.3818        0.0000        8.5787        8.5787       8.196861       0.03308
  19     69.50        0.3818        0.0000        8.5402        8.5402       8.158401       0.03246
  18     81.20        0.3818        0.0000        8.4961        8.4961       8.114243       0.03185
  17     95.00        0.3818        0.0000        8.4450        8.4450       8.063166       0.03124
  16     111.0        0.3819        0.0000        8.3855        8.3855       8.003655       0.03139
  15     130.0        0.3819        0.0000        8.3165        8.3165       7.934623       0.03066
  14     153.0        0.3819        0.0000        8.2320        8.2320       7.850043       0.03103
  13     179.0        0.3820        0.0000        8.1229        8.1229       7.740953       0.03541
  12     209.0        0.3821        0.0000        7.9501        7.9501       7.568023       0.04865
  11     243.0        0.3822        0.0000        7.6370        7.6371       7.254816       0.07774
  10     281.0        0.3826        0.0000        7.2021        7.2021       6.819552       0.09666
   9     324.0        0.3831        0.0000        6.7810        6.7811       6.397935       0.08275
   8     372.0        0.3840        0.0000        6.3234        6.3234       5.939372       0.08062
   7     426.0        0.3853        0.0000        5.7750        5.7750       5.389696       0.08590
   6     487.0        0.3871        0.0000        5.2697        5.2698       4.882643       0.07015
   5     554.0        0.3898        0.0000        4.9273        4.9273       4.537474       0.04348
   4     628.0        0.3947        0.0000        4.6487        4.6487       4.254006       0.03233
   3     710.0        0.4046        0.0000        4.2961        4.2961       3.891589       0.03730
   2     802.0        0.4253        0.0000        3.8618        3.8618       3.436522       0.04174
   1     902.0        0.4705        0.0000        3.3905        3.3906       2.920094       0.04358
   0    1013.0        0.5738        0.0000        2.8688        2.8689       2.295087       0.04752

  Modules and versions used in this calculation:

       rrtmg_sw.1col.f90:  $Revision: 32245 $            rrtmg_sw_init.f90:  $Revision: 30822 $
     rrtmgsw_cldprop.f90:  $Revision: 29812 $          rrtmgsw_cldprmc.f90:  NOT USED          
     rrtmg_sw_reftra.f90:  $Revision: 29812 $          rrtmg_sw_spcvrt.f90:  NOT USED          
     rrtmg_sw_spcvmc.f90:  NOT USED                    rrtmgsw_setcoef.f90:  NOT USED          
     rrtmg_sw_taumol.f90:  $Revision: 30822 $          rrtmg_sw_vrtqdr.f90:  NOT USED          
                rrtatm.f:  NOT USED                             util_xxx.f:  NOT USED          
                 extra.f:  NOT USED                       rrtmg_sw_k_g.f90:  $Revision: 30822 $

