

 Wavenumbers:   820. - 50000. cm-1, ATM      1
 LEVEL PRESSURE   UPWARD FLUX   DIFDOWN FLUX  DIRDOWN FLUX  DOWNWARD FLUX   NET FLUX    HEATING RATE
          mb          W/m2          W/m2          W/m2        W/m2          W/m2       degree/day
  59    0.1000      258.1154        0.0000     1360.8518     1360.8518    1102.736402       0.00000
  58    0.1400      258.1136        0.0045     1360.7727     1360.7772    1102.663612      15.35722
  57    0.1970      258.1112        0.0108     1360.6684     1360.6792    1102.568050      14.14848
  56    0.2760      258.1082        0.0196     1360.5005     1360.5200    1102.411866      16.68431
  55    0.3870      258.1046        0.0317     1360.2200     1360.2518    1102.147160      20.12511
  54    0.5430      258.1008        0.0486     1359.7537     1359.8024    1101.701590      24.10406
  53    0.7620      258.0970        0.0721     1359.0093     1359.0814    1100.984441      27.63526
  52     1.070      258.0946        0.1032     1357.9010     1358.0042    1099.909615      29.45004
  51     1.500      258.0974        0.1460     1356.2191     1356.3651    1098.267677      32.22455
  50     2.100      258.1086        0.2042     1354.1299     1354.3341    1096.225508      28.72361
  49     2.950      258.1314        0.2851     1351.8931     1352.1781    1094.046714      21.63195
  48     4.130      258.1675        0.3977     1349.7064     1350.1041    1091.936604      15.09112
  47     5.800      258.2173        0.5543     1347.5465     1348.1008    1089.883456      10.37534
  46     8.130      258.2813        0.7725     1345.2964     1346.0689    1087.787623       7.59100
  45     11.41      258.3572        1.0761     1342.8601     1343.9362    1085.578989       5.68262
  44     16.01      258.4438        1.4976     1340.1180     1341.6155    1083.171706       4.41639
  43     22.46      258.5526        2.0814     1336.8684     1338.9498    1080.397211       3.63014
  42     31.51      258.6976        2.8883     1332.9284     1335.8168    1077.119119       3.05683
  41     44.20      258.8602        4.0053     1328.2010     1332.2063    1073.346090       2.50915
  40     62.00      258.9655        5.5503     1322.6213     1328.1716    1069.206109       1.96280
  39     85.77      258.7620        7.5950     1316.6318     1324.2267    1065.464748       1.32831
  38     109.5      258.3449        9.6203     1311.4081     1321.0284    1062.683475       0.98744
  37     133.3      257.7919       11.6123     1306.6514     1318.2637    1060.471756       0.78490
  36     157.1      257.1320       13.5880     1302.2002     1315.7883    1058.656252       0.64429
  35     180.9      256.3855       15.5411     1297.9582     1313.4992    1057.113777       0.54763
  34     204.7      255.6067       17.4594     1293.7705     1311.2299    1055.623178       0.52899
  33     228.4      254.8103       19.3553     1289.5071     1308.8624    1054.052188       0.55775
  32     252.2      253.9999       21.2218     1285.1304     1306.3522    1052.352245       0.60328
  31     276.0      253.1681       23.0637     1280.7525     1303.8162    1050.648132       0.60502
  30     299.8      252.3158       24.8791     1276.4083     1301.2874    1048.971558       0.59499
  29     323.5      251.4444       26.6624     1272.1879     1298.8503    1047.405920       0.55585
  28     347.3      250.5512       28.4354     1267.8712     1296.3067    1045.755465       0.58597
  27     371.1      249.6594       30.1724     1262.9639     1293.1363    1043.476862       0.80864
  26     394.9      248.7693       31.8831     1257.2063     1289.0894    1040.320141       1.12027
  25     418.6      247.8719       33.5804     1251.1818     1284.7622    1036.890238       1.21773
  24     442.4      246.9845       35.2332     1245.1865     1280.4196    1033.435082       1.22670
  23     466.2      246.0887       36.8815     1239.0324     1275.9140    1029.825249       1.28107
  22     490.0      245.2055       38.4945     1232.7453     1271.2398    1026.034309       1.34534
  21     513.7      244.3399       40.0686     1226.3328     1266.4015    1022.061573       1.41045
  20     537.5      243.4737       41.6433     1219.6157     1261.2590    1017.785315       1.51758
  19     561.3      242.6302       43.1829     1212.7265     1255.9094    1013.279237       1.59981
  18     585.0      241.8162       44.6834     1205.6826     1250.3661    1008.549928       1.67906
  17     608.8      241.0179       46.1770     1198.3896     1244.5666    1003.548658       1.77487
  16     632.6      240.2422       47.6475     1191.1251     1238.7726     998.530477       1.78087
  15     656.4      239.4951       49.0897     1183.9237     1233.0134     993.518284       1.77950
  14     680.1      238.7827       50.5003     1176.8045     1227.3047     988.522009       1.77384
  13     703.9      238.0918       51.9023     1169.7563     1221.6586     983.566743       1.75855
  12     727.7      237.4304       53.2756     1162.9533     1216.2288     978.798446       1.69219
  11     751.5      236.7994       54.6259     1156.3303     1210.9562     974.156829       1.64793
  10     775.3      236.2049       55.9485     1149.8943     1205.8428     969.637923       1.60369
   9     799.0      235.6412       57.2608     1143.5679     1200.8287     965.187580       1.58002
   8     822.8      235.1159       58.5470     1137.4446     1195.9916     960.875715       1.53021
   7     846.6      234.6323       59.8114     1131.4854     1191.2968     956.664518       1.49512
   6     870.4      234.1973       61.0519     1125.6801     1186.7320     952.534776       1.46558
   5     894.1      233.8180       62.2679     1120.0253     1182.2932     948.475205       1.44128
   4     917.9      233.4762       63.4730     1114.5549     1178.0280     944.551801       1.39294
   3     941.7      233.1736       64.6585     1109.3109     1173.9693     940.795691       1.33298
   2     965.5      232.9129       65.8258     1104.2722     1170.0980     937.185092       1.28134
   1     989.2      232.7071       66.9736     1099.4077     1166.3812     933.674182       1.24597
   0    1013.0      232.5604       68.1066     1094.6952     1162.8019     930.241488       1.21872

  Modules and versions used in this calculation:

       rrtmg_sw.1col.f90:  $Revision: 32245 $            rrtmg_sw_init.f90:  $Revision: 30822 $
     rrtmgsw_cldprop.f90:  $Revision: 29812 $          rrtmgsw_cldprmc.f90:  NOT USED          
     rrtmg_sw_reftra.f90:  $Revision: 29812 $          rrtmg_sw_spcvrt.f90:  NOT USED          
     rrtmg_sw_spcvmc.f90:  NOT USED                    rrtmgsw_setcoef.f90:  NOT USED          
     rrtmg_sw_taumol.f90:  $Revision: 30822 $          rrtmg_sw_vrtqdr.f90:  NOT USED          
                rrtatm.f:  NOT USED                             util_xxx.f:  NOT USED          
                 extra.f:  NOT USED                       rrtmg_sw_k_g.f90:  $Revision: 30822 $

